=== Run information ===

Scheme:       weka.clusterers.EM -I 100 -N -1 -X 10 -max -1 -ll-cv 1.0E-6 -ll-iter 1.0E-6 -M 1.0E-6 -K 10 -num-slots 1 -S 100
Relation:     winequality-white-weka.filters.unsupervised.attribute.NumericToNominal-Rlast_ICA-weka.filters.unsupervised.attribute.IndependentComponents-W-A12-N200-T1.0E-4
Instances:    4898
Attributes:   12
              Source_0
              Source_1
              Source_2
              Source_3
              Source_4
              Source_5
              Source_6
              Source_7
              Source_8
              Source_9
              Source_10
Ignored:
              quality
Test mode:    Classes to clusters evaluation on training data

=== Clustering model (full training set) ===


EM
==

Number of clusters selected by cross validation: 22
Number of iterations performed: 100


            Cluster
Attribute         0       1       2       3       4       5       6       7       8       9      10      11      12      13      14      15      16      17      18      19      20      21
             (0.02)  (0.06)  (0.05)  (0.02)  (0.04)  (0.04)  (0.04)  (0.06)  (0.04)  (0.05)  (0.08)  (0.02)  (0.05)  (0.06)  (0.03)  (0.09)  (0.03)  (0.07)  (0.01)  (0.02)  (0.08)  (0.04)
============================================================================================================================================================================================
Source_0
  mean        0.0106 -0.0119 -0.0012 -0.0138  0.0061 -0.0077 -0.0076 -0.0018 -0.0001  -0.026  -0.006  -0.015 -0.0126   0.001  0.0071 -0.0109 -0.0075  0.0051  -0.017 -0.0156  0.0003  -0.019
  std. dev.   0.0233  0.0106   0.007  0.0271  0.0092  0.0138  0.0132  0.0087  0.0074  0.0099  0.0095  0.0143  0.0114  0.0121  0.0105  0.0081  0.0075  0.0107   0.005  0.0054  0.0109  0.0099

Source_1
  mean         0.059  0.0486    0.02  0.0274   0.021  0.0437  0.0381  0.0437  0.0402  0.0223  0.0234  0.0191  0.0369  0.0299   0.044  0.0398  0.0471  0.0388  0.0121  0.0169  0.0408  0.0429
  std. dev.   0.0144  0.0078  0.0092  0.0252    0.01   0.013  0.0109   0.009  0.0087  0.0156  0.0105  0.0178  0.0111  0.0136  0.0092  0.0087  0.0072  0.0109  0.0075  0.0071  0.0121  0.0121

Source_2
  mean        0.0379  0.0417  0.0374  0.0218  0.0379  0.0463  0.0402  0.0364  0.0356  0.0219  0.0529  0.0418  0.0396  0.0242  0.0187  0.0364  0.0279  0.0337   0.032  0.0231   0.033  0.0212
  std. dev.   0.0132  0.0086  0.0057  0.0319  0.0065  0.0126  0.0103  0.0071  0.0057  0.0102  0.0066  0.0109  0.0091  0.0088   0.008  0.0064  0.0068  0.0077  0.0039  0.0046   0.009  0.0079

Source_3
  mean        0.0696  0.0904  0.0906  0.1141  0.0881  0.1044   0.096  0.1026  0.1052  0.0979  0.0817  0.0853  0.0908  0.0995  0.1107  0.0931  0.1048  0.1161  0.0814   0.092  0.1106   0.091
  std. dev.   0.0124  0.0078  0.0047  0.0256  0.0051  0.0128  0.0063  0.0069  0.0042  0.0074  0.0073  0.0078  0.0102  0.0064  0.0076  0.0059  0.0052  0.0069  0.0051  0.0039  0.0093  0.0082

Source_4
  mean        0.0983   0.037  0.0433  0.0592  0.0417   0.033  0.0564  0.0419  0.0571  0.0469  0.0443  0.0489  0.0593  0.0502  0.0563  0.0509   0.054  0.0497  0.0522  0.0511  0.0423  0.0506
  std. dev.   0.0229  0.0072  0.0053  0.0186   0.007  0.0109  0.0089  0.0058  0.0055  0.0077  0.0079  0.0096  0.0086  0.0084  0.0066  0.0054  0.0049  0.0085  0.0061  0.0041   0.009  0.0091

Source_5
  mean        0.0237  0.0271  0.0248  0.0588  0.0158   0.054  0.0625   0.038  0.0572  0.0273  0.0324  0.0214  0.0451  0.0328   0.041  0.0407  0.0599  0.0608  0.0256  0.0263  0.0336  0.0271
  std. dev.   0.0107  0.0115  0.0064  0.0238  0.0096  0.0136  0.0105  0.0102  0.0085  0.0095    0.01  0.0126  0.0086  0.0097  0.0074  0.0093  0.0114  0.0124  0.0051  0.0041   0.011  0.0097

Source_6
  mean        0.0048 -0.0157 -0.0191 -0.0096 -0.0116 -0.0213 -0.0085 -0.0005 -0.0009  0.0023 -0.0052 -0.0094 -0.0131 -0.0248 -0.0133 -0.0089 -0.0179 -0.0006 -0.0185 -0.0129  0.0033 -0.0185
  std. dev.   0.0171  0.0116  0.0069  0.0278  0.0075  0.0133  0.0112  0.0074   0.008  0.0103  0.0104  0.0118  0.0129  0.0106  0.0108  0.0091  0.0132  0.0113  0.0051  0.0049  0.0124  0.0101

Source_7
  mean        0.0156  0.0461  0.0429  0.0421  0.0509   0.026  0.0665  0.0635   0.069   0.038  0.0488  0.0425  0.0454  0.0441  0.0616  0.0576  0.0731  0.0599  0.0479  0.0427  0.0427  0.0626
  std. dev.   0.0155  0.0112  0.0073  0.0238  0.0064  0.0145  0.0103  0.0073  0.0064  0.0109  0.0085  0.0076  0.0086  0.0102  0.0092  0.0069  0.0081   0.009   0.009  0.0043  0.0094  0.0113

Source_8
  mean       -0.0123  0.0063  0.0094 -0.0041 -0.0104  0.0034   0.003   0.004  0.0129 -0.0103 -0.0024    0.02  0.0223  0.0049  0.0118  0.0147   0.001  0.0051  0.0032  0.0029  0.0169  0.0088
  std. dev.   0.0152  0.0078  0.0098  0.0289  0.0102  0.0112  0.0115  0.0091  0.0066  0.0122  0.0123  0.0188  0.0098  0.0127  0.0079  0.0085   0.008  0.0106  0.0062  0.0072  0.0091  0.0131

Source_9
  mean        0.0589  0.0451  0.0469  0.0429  0.0319  0.0546  0.0501  0.0524  0.0584   0.041  0.0309   0.059  0.0241  0.0385  0.0445   0.045  0.0543  0.0588  0.0137   0.047  0.0356  0.0412
  std. dev.   0.0109  0.0087  0.0079  0.0266  0.0062  0.0138  0.0139   0.012  0.0096  0.0128  0.0115  0.0129  0.0096  0.0118  0.0073  0.0109  0.0124  0.0114  0.0121  0.0067   0.013  0.0141

Source_10
  mean       -0.0318 -0.0137 -0.0211 -0.0313 -0.0167 -0.0261 -0.0177 -0.0248 -0.0204 -0.0153 -0.0197 -0.0287  -0.016 -0.0121 -0.0201 -0.0218 -0.0429 -0.0329 -0.0441 -0.0091 -0.0266 -0.0438
  std. dev.   0.0134  0.0108  0.0136  0.0251   0.009  0.0122  0.0146  0.0105  0.0092   0.013  0.0091  0.0155  0.0136  0.0121  0.0148  0.0096  0.0096  0.0123  0.0086  0.0093  0.0117  0.0114



Time taken to build model (full training data) : 1463.73 seconds

=== Model and evaluation on training set ===

Clustered Instances

 0       107 (  2%)
 1       282 (  6%)
 2       220 (  4%)
 3        95 (  2%)
 4       219 (  4%)
 5       174 (  4%)
 6       176 (  4%)
 7       291 (  6%)
 8       207 (  4%)
 9       232 (  5%)
10       385 (  8%)
11        93 (  2%)
12       257 (  5%)
13       307 (  6%)
14       140 (  3%)
15       485 ( 10%)
16       137 (  3%)
17       329 (  7%)
18        62 (  1%)
19       126 (  3%)
20       390 (  8%)
21       184 (  4%)


Log likelihood: 33.13531


Class attribute: quality
Classes to Clusters:

   0   1   2   3   4   5   6   7   8   9  10  11  12  13  14  15  16  17  18  19  20  21  <-- assigned to cluster
   1   1   0   3   1   2   2   0   0   0   1   3   0   1   0   1   0   2   0   0   2   0 | 3
   3  14   2   8   3  33   2   8   1   9   5   4  11  11   4   4   2   6   0   2  28   3 | 4
  50 134 131  29  64  87  16  38   7 131 144  34  63 143  40  51   6  14  13  75 162  25 | 5
  49 125  79  46  75  46  62 158  99  82 213  46 128 139  78 263  41 144  31  49 158  87 | 6
   2   7   8   4  62   6  66  78  86   9  17   4  53  12  13 149  67 128  15   0  34  60 | 7
   2   1   0   5  14   0  28   9  13   1   5   2   2   1   5  17  20  33   3   0   5   9 | 8
   0   0   0   0   0   0   0   0   1   0   0   0   0   0   0   0   1   2   0   0   1   0 | 9

Cluster  0 <-- No class
Cluster  1 <-- No class
Cluster  2 <-- No class
Cluster  3 <-- No class
Cluster  4 <-- No class
Cluster  5 <-- 4
Cluster  6 <-- 8
Cluster  7 <-- No class
Cluster  8 <-- No class
Cluster  9 <-- No class
Cluster 10 <-- No class
Cluster 11 <-- 3
Cluster 12 <-- No class
Cluster 13 <-- No class
Cluster 14 <-- No class
Cluster 15 <-- 6
Cluster 16 <-- 9
Cluster 17 <-- 7
Cluster 18 <-- No class
Cluster 19 <-- No class
Cluster 20 <-- 5
Cluster 21 <-- No class

Incorrectly clustered instances :	4280.0	 87.3826 %

