=== Run information ===

Scheme:       weka.clusterers.EM -I 100 -N -1 -X 10 -max -1 -ll-cv 1.0E-6 -ll-iter 1.0E-6 -M 1.0E-6 -K 10 -num-slots 1 -S 100
Relation:     winequality-white-weka.filters.unsupervised.attribute.NumericToNominal-Rlast
Instances:    4898
Attributes:   12
              fixed acidity
              volatile acidity
              citric acid
              residual sugar
              chlorides
              free sulfur dioxide
              total sulfur dioxide
              density
              pH
              sulphates
              alcohol
Ignored:
              quality
Test mode:    Classes to clusters evaluation on training data

=== Clustering model (full training set) ===


EM
==

Number of clusters selected by cross validation: 21
Number of iterations performed: 100


                        Cluster
Attribute                     0        1        2        3        4        5        6        7        8        9       10       11       12       13       14       15       16       17       18       19       20
                         (0.11)   (0.03)   (0.07)   (0.03)   (0.04)   (0.06)   (0.04)   (0.06)   (0.04)   (0.03)    (0.1)   (0.04)   (0.03)   (0.02)   (0.03)   (0.01)   (0.11)   (0.04)   (0.06)   (0.05)   (0.02)
====================================================================================================================================================================================================================
fixed acidity
  mean                     6.757   5.6106   6.8991    8.588   6.2666   7.1528   6.7111   6.5168   6.5838   7.5332   6.9156   6.4739   6.9553   6.6071   7.7212   8.0883   6.8577   7.4714    6.652   6.3534   6.8303
  std. dev.               0.7412   0.5725   0.6774   0.6451   0.6187   0.4121   0.5222   0.5763   0.3508     0.78   0.6679   0.6565   0.5302   0.5351   0.8637   1.9246   0.7032   0.7331   0.6018   0.5892   1.2114

volatile acidity
  mean                    0.2435   0.3723   0.2623   0.2471   0.2918   0.2646   0.3207   0.2184   0.2773   0.3081   0.2961   0.3932   0.2237   0.2458   0.3189   0.4411     0.22   0.2644   0.3396   0.2722   0.3395
  std. dev.               0.0725   0.1673   0.0751   0.0827   0.0743   0.0749   0.1137   0.0601   0.0313   0.0808   0.1017   0.1557   0.0373   0.0387   0.0988   0.2405   0.0579   0.0665   0.0822   0.0697   0.1332

citric acid
  mean                    0.3236   0.2552   0.3274   0.4094   0.2847   0.4272   0.4212   0.2841   0.3581    0.317   0.3213   0.1859   0.3592   0.2978   0.3505   0.3946    0.341   0.4141   0.3207    0.314   0.4322
  std. dev.               0.1087   0.1443   0.0939   0.0919    0.041   0.1605   0.1886   0.0485   0.1237   0.0629   0.0932   0.0929   0.0849   0.0787   0.0898   0.1691   0.0659   0.1325   0.0731   0.0544   0.2988

residual sugar
  mean                    1.4952   2.2485   6.3142   1.7428   5.1482  13.4525   5.1117   8.7756   7.7198   5.5812  11.6521   3.6523   5.9544  17.7045  10.0912  12.0171   1.6234  15.7186   4.8174   1.8231   6.9057
  std. dev.               0.3542   1.2268   2.2147   0.8077   1.9835   1.5977   3.6074   2.7339   0.5577   3.0442   2.2501   2.1128   1.5485   1.2753   3.3645  12.2996   0.5267   2.0431   1.7341   0.6736    4.794

chlorides
  mean                    0.0448   0.0322   0.0484   0.0442   0.0396   0.0513   0.1257   0.0425   0.0471   0.0307   0.0475   0.0487   0.0383   0.0497   0.0356   0.0487   0.0383    0.049   0.0327   0.0335   0.0583
  std. dev.               0.0089   0.0071   0.0087   0.0095   0.0087   0.0095   0.0581   0.0078   0.0051   0.0053   0.0081   0.0093   0.0096   0.0115   0.0063   0.0131   0.0081   0.0068   0.0069   0.0076   0.0299

free sulfur dioxide
  mean                   30.7387  32.1622   40.506  18.7486  36.0603  44.5152  38.1602  32.8274  52.7944  26.3782    45.83  20.5471  38.0232  36.3441  29.1145  66.7312  30.4145  49.5475  28.6711  29.4912  29.6217
  std. dev.              14.7439  21.1837  12.9469   9.4101  12.5421  14.9277  17.9905  11.7202   8.2972  12.0943  17.3492   8.7055  21.2932   8.4298  14.1903  51.8428  13.1348  12.9038  10.6416  11.0302  11.6203

total sulfur dioxide
  mean                  132.6111 111.3324 171.6041 110.7569 134.5655 168.9117 148.5091 119.3197 193.7848 102.2214  169.722 113.1538 130.1188 142.4892 126.8821 215.9853 113.1442 186.5192 109.4343 104.2263 144.9847
  std. dev.              34.6484  35.4406  34.0761  40.2492  28.2667  29.8166  36.0022  18.6902  19.4642  26.9595  36.0751  29.9833  31.7419  22.8279  36.1622  69.4224  29.8648  30.3386  25.1412  25.3808  43.3635

density
  mean                    0.9929     0.99   0.9952   0.9939   0.9923   0.9981   0.9947   0.9949   0.9957   0.9918   0.9972   0.9939   0.9931   0.9994   0.9948    0.999   0.9911   0.9996   0.9909   0.9895   0.9939
  std. dev.               0.0008   0.0012   0.0008   0.0012   0.0007   0.0004   0.0016   0.0009   0.0004   0.0009   0.0008   0.0009   0.0007   0.0007   0.0012   0.0077   0.0006   0.0008   0.0009   0.0006   0.0025

pH
  mean                     3.272   3.3434   3.2709   3.0652   3.2629   3.0426   3.0855   3.2205   3.1678   3.0222   3.1898   3.1995    3.109    3.164   3.0929   3.1427   3.1851   3.1788   3.2001   3.1996   3.2858
  std. dev.               0.1546   0.1573   0.1561   0.1189   0.0906   0.0834   0.1021   0.1438   0.0458   0.0722   0.1348    0.127   0.1107   0.1125   0.0844   0.1906   0.1365   0.1543     0.12   0.1304   0.2074

sulphates
  mean                    0.5233   0.5326   0.5453   0.4628   0.4461   0.4614   0.4598   0.4491   0.4638   0.3686   0.5011   0.4497   0.5177   0.4479   0.3962   0.5232   0.5202   0.5909   0.5099   0.4268   0.5507
  std. dev.               0.1112   0.2004   0.1036   0.0969    0.067   0.0517    0.074   0.0838   0.0471   0.0449    0.097   0.0821   0.1557   0.0475   0.0677   0.1131   0.1167    0.127   0.1348    0.073   0.1447

alcohol
  mean                   10.2224  12.2404  10.0623  10.1076  11.2774   8.9747    9.397  10.2436   9.3071  11.8447   9.5919   9.5652  11.0049   8.9309  11.1258    9.735  11.3915   9.1869  12.5119  12.5116  11.2777
  std. dev.               0.5375   0.9337   0.4823   0.5552   0.4839   0.2122   0.3658   0.6408   0.2553   0.6492   0.4345   0.5313   0.4225    0.196   0.7546   0.8631   0.5199   0.3543   0.4529   0.5063    1.259



Time taken to build model (full training data) : 1430.16 seconds

=== Model and evaluation on training set ===

Clustered Instances

 0       556 ( 11%)
 1       129 (  3%)
 2       347 (  7%)
 3       144 (  3%)
 4       171 (  3%)
 5       284 (  6%)
 6       164 (  3%)
 7       278 (  6%)
 8       179 (  4%)
 9       127 (  3%)
10       509 ( 10%)
11       194 (  4%)
12       148 (  3%)
13       107 (  2%)
14       158 (  3%)
15        37 (  1%)
16       551 ( 11%)
17       171 (  3%)
18       292 (  6%)
19       264 (  5%)
20        88 (  2%)


Log likelihood: -1.9524


Class attribute: quality
Classes to Clusters:

   0   1   2   3   4   5   6   7   8   9  10  11  12  13  14  15  16  17  18  19  20  <-- assigned to cluster
   0   1   1   2   0   0   1   0   0   0   2   1   0   0   1   8   2   0   1   0   0 | 3
  13  12  10  19   1   9   5   4   3   5  10  32   2   0   6   7   7   2   5   2   9 | 4
 207  15 111  71  16 117  90  54 124  19 219 104  18  49  40  12  76  82   9   8  16 | 5
 251  33 194  45 105  93  61 162  52  61 250  53  90  50  63   9 283  69  95 128  51 | 6
  73  43  31   7  45  51   4  49   0  31  28   4  28   8  34   1 163  15 146 111   8 | 7
  12  25   0   0   4  14   3   9   0  11   0   0  10   0  13   0  19   3  34  14   4 | 8
   0   0   0   0   0   0   0   0   0   0   0   0   0   0   1   0   1   0   2   1   0 | 9

Cluster  0 <-- No class
Cluster  1 <-- 8
Cluster  2 <-- No class
Cluster  3 <-- No class
Cluster  4 <-- No class
Cluster  5 <-- No class
Cluster  6 <-- No class
Cluster  7 <-- No class
Cluster  8 <-- No class
Cluster  9 <-- No class
Cluster 10 <-- 5
Cluster 11 <-- 4
Cluster 12 <-- No class
Cluster 13 <-- No class
Cluster 14 <-- No class
Cluster 15 <-- 3
Cluster 16 <-- 6
Cluster 17 <-- No class
Cluster 18 <-- 7
Cluster 19 <-- 9
Cluster 20 <-- No class

Incorrectly clustered instances :	4184.0	 85.4226 %

