=== Run information ===

Scheme:       weka.clusterers.EM -I 100 -N -1 -X 10 -max -1 -ll-cv 1.0E-6 -ll-iter 1.0E-6 -M 1.0E-6 -K 10 -num-slots 1 -S 100
Relation:     winequality-white-weka.filters.unsupervised.attribute.NumericToNominal-Rlast-weka.filters.unsupervised.attribute.RandomProjection-N9-R10-DSparse1
Instances:    4898
Attributes:   10
              K1
              K2
              K3
              K4
              K5
              K6
              K7
              K8
              K9
Ignored:
              quality
Test mode:    Classes to clusters evaluation on training data

=== Clustering model (full training set) ===


EM
==

Number of clusters selected by cross validation: 44
Number of iterations performed: 100


             Cluster
Attribute          0        1        2        3        4        5        6        7        8        9       10       11       12       13       14       15       16       17       18       19       20       21       22       23       24       25       26       27       28       29       30       31       32       33       34       35       36       37       38       39       40       41       42       43
              (0.03)   (0.03)   (0.01)   (0.02)   (0.03)   (0.01)   (0.03)   (0.04)      (0)   (0.02)   (0.03)   (0.03)   (0.04)   (0.02)   (0.02)      (0)   (0.03)   (0.04)   (0.03)   (0.01)   (0.02)   (0.01)   (0.02)   (0.02)   (0.03)   (0.05)   (0.03)   (0.02)   (0.02)   (0.03)   (0.03)   (0.01)   (0.02)   (0.02)   (0.02)   (0.02)   (0.03)   (0.03)   (0.02)   (0.02)   (0.03)   (0.01)   (0.02)   (0.02)
========================================================================================================================================================================================================================================================================================================================================================================================================================
K1
  mean         5.3185   5.4144  -2.4708 -11.3844  -7.4361   7.2821   6.4058  -6.9179   1.5249  13.8272  -1.1373  -5.8598   5.5254  -9.3261   1.9848  -7.2159  -6.2292  -9.0899  -5.3167  -5.9035   -6.572 -10.1773  -7.5369  -8.0159   2.6047   0.2029    2.216   0.1501    10.45   6.7938  -6.7488  -9.9041   9.0199  -8.4165   3.8858  -3.9312   -9.721  -9.6481   9.9857  -3.9919  -0.1078  13.6938  -8.8306  -6.3147
  std. dev.    7.4913   8.0827   9.1433   2.3101   4.4645  17.7339    7.587   6.4274   9.9311   4.8997   8.9122   5.9655    7.306   4.5898   8.9935   2.4488   6.2508   4.7559   6.4798   8.3408    4.908   2.9331   4.0802   4.1254   8.8427   9.5995  10.6416  10.0194   7.0066   7.8146   5.6936   2.3761   7.5138     3.23   7.8821   5.5827   3.1054   3.5894   7.2699   8.1214  10.5247   5.7776   4.0131   5.5725

K2
  mean        359.041 274.7385  301.334 162.8717 257.0887 338.0511 322.5616 197.3068  459.021 209.8126 322.6222 204.3322  382.052  121.427 267.7275  553.383 217.8885 144.6458 162.6696  76.9142 271.6604 216.1743 233.8594 185.9553 289.9967 243.4312 232.0346 341.4495 303.0108 339.8081 210.1295 264.0492 417.0725 251.5094 182.4957 304.7567 186.5475 175.8892 256.1497 300.6204  281.745  304.236 232.2993 224.9644
  std. dev.    5.9124   4.7601  14.4521   5.7121   4.6404  17.5988   4.8713   4.0511  67.8853    5.211    6.052   5.1037   8.8483    9.356   4.0972 121.1187   4.2585   6.3587   5.7481  21.8942   4.6881    6.218   5.3508   5.6185   3.2524   3.8524   4.4276   5.4887    4.988   5.9228   4.1858   7.6657  13.6406   7.4334   6.9987   6.7632   3.7219   3.8841   4.7243   7.2558   3.6922   6.4034   5.1028   3.2044

K3
  mean          1.452   1.5131   1.4084   1.3653    1.378   1.5616   1.5514   1.4035   1.6999   1.3284   1.4293   1.3905   1.5087   1.3378   1.4049   1.3121   1.4056   1.3972   1.3408   1.2623   1.4208   1.5421   1.4522   1.3866   1.4303   1.3898    1.395   1.5146   1.5936   1.4873   1.3884   1.4878    1.577   1.3943   1.2812   1.3677    1.397   1.4156   1.3414   1.5232   1.4928   1.4639   1.4434   1.3753
  std. dev.    0.2889   0.3578   0.3947   0.2228   0.2676   0.3965   0.3096    0.251   0.3824   0.2533   0.2304   0.2863   0.2291   0.3026   0.2577   0.2232   0.3284   0.2745   0.3111   0.3107   0.2249   0.4996   0.2711   0.2928   0.2918   0.2726   0.2555   0.3106   0.3032   0.2377   0.2405   0.3797   0.3064   0.3225   0.2557    0.224   0.2741   0.2568   0.2801   0.3044   0.3072   0.3259   0.2925   0.2543

K4
  mean       246.1976 159.0442 129.7776  90.3804 173.6562 176.5563 200.7484 119.2251 367.0494 113.6429 246.5348 153.0217 266.9624  78.6312 199.5066  251.218 164.5723  93.9145 111.5103  42.5608  182.193 118.5942 188.3941 140.7181 181.7037 154.3159 134.8666 259.5825 178.3391  220.777  132.464 144.0962 295.3823  207.391 103.1816   206.92 114.7548 109.6988 152.6812 245.0685 203.7842 211.7674 167.7484 143.2046
  std. dev.   18.6225  11.3743  28.5497  11.0464  11.4956  19.1365  14.6832  12.4231  58.9852  17.0923  17.2935  11.1144  29.5845  12.1703  17.4297  39.4282  13.6726  11.4888  12.3219  16.7014   9.2149  12.4676   7.7924   7.9302  22.4133  19.9901  16.0803  18.6141   9.9477   9.8091   7.8099  12.3564  25.5442   9.4476   19.131    12.11   9.8397   11.781  21.8061   12.886    16.13    9.826   6.3962   9.0156

K5
  mean      -360.0243-275.5047-298.6475-159.9933-254.8144  -338.89-323.9124-194.9355-460.4788 -210.481-323.3839-203.1595-383.5306-119.9436-268.8898-552.6428-216.5624-142.3103-160.6137 -76.3581-269.9646-213.7897-233.1915 -184.584-290.2533-242.4395-230.8004-342.2186-304.4753-341.4144 -207.427-261.4227-419.1168-251.2388-182.2883 -304.446-183.7414-172.8984-257.1706-301.3358-281.8818-306.4533-230.8286-222.5311
  std. dev.    5.8141   4.7752  13.9655   5.2165   3.8742  18.0502   5.1089   3.7202  69.3955   5.8324   5.5041   4.2367   8.7643   8.2928   4.1915 119.9534   3.8528   5.7123   5.5942  21.8199   3.5289   5.8315   4.7463    5.393   3.2451   3.2289   3.6538   5.6604   4.6061    5.997   4.0103   7.7139  13.2188   7.2611    6.425   6.7187   3.3649   2.9717   4.7563   6.6767   3.5708   6.3589   4.1092   2.7383

K6
  mean      -348.4101-263.9756-288.0514-148.4756-243.3823-327.2403-312.2805-183.6077-448.1452-199.1728-311.2492-191.5675-371.6512-108.3171-257.0527-540.9961-204.8678-130.7474-149.1709 -64.1765-258.5065-202.5021 -221.391-172.9987-278.5931-230.9582  -219.61-330.1785-292.8513-329.6626-196.0494-250.5089 -407.172-239.3445-170.7814-292.5513-172.2859-161.4396-245.4666-289.0844-269.9966-294.6584-218.9577-211.2452
  std. dev.     5.675   4.6215  13.8222   5.2049   3.9141  17.9693   4.8569   3.3634  68.7342   5.2782   5.4609    4.025   8.7874   8.4991   3.9026 120.3393   3.3156   5.6304   5.3921  21.8197   3.3907   5.7196   4.6986   5.0747   2.9194   3.0926   3.6258   5.4136   4.5145   5.9192   3.8247   7.6179  13.3518   7.0589   6.5348   6.5399   3.0199   2.7021   4.5568   6.8406   3.3703   6.1023   4.0226   2.4703

K7
  mean        81.6759  83.1784 148.7892  63.2743  68.9191 125.0939  89.1587  62.1609  66.3504  47.8165  55.5079  36.2111  83.9575  33.3796  43.2063 292.3401  38.3892  38.5773  32.9343  18.6275  74.8951  87.9287   34.592  33.8413  79.9707  62.6576  66.7069  58.7385  84.0533  85.6792  60.4905 110.5987  84.8068  35.6626  47.2599   80.347  59.9256  53.5099  62.5253  39.8005  53.9316  46.8511   53.375  64.7852
  std. dev.   17.5379  15.0698   25.437  12.0445  11.6401  45.5427   13.449  14.1779  31.9273  18.8725  18.1086  11.7118  26.3644   12.272  13.0119 107.5929  13.1725  12.7903  10.9437    10.63   8.5293  12.6417   9.8221    8.395  20.9411  19.9236  21.3091  17.6397  14.4117  13.1276   8.8322  11.9521  21.6363   9.1327  27.4998  12.4467  10.7047  13.1231  25.1281  13.7956  15.0994  10.0214   8.2883  10.3517

K8
  mean       -11.0177 -11.3842 -12.6932 -14.7566 -13.7872 -11.5339 -10.8042 -13.8719 -12.2081 -10.9099 -12.1298 -13.0595 -11.0625 -13.5445 -11.3697 -12.1348  -13.322 -14.2464 -13.6634 -13.7603 -13.2079 -13.9525 -12.9149 -13.2707 -11.9034 -12.7588  -12.559 -12.0731 -10.7763 -10.8922 -14.2095 -13.4039 -10.7134 -12.8282 -12.2377 -12.7785 -14.4662  -14.708 -11.2288 -12.5263 -12.4112  -10.451 -13.9243 -13.7952
  std. dev.    1.0527   1.6969   1.7118   1.4183   2.0496    1.674   0.7372   2.1555   2.1638   1.0269   1.5828   1.9753   0.9016   1.8213   0.9857   0.9763   2.1303   1.8136   2.2084   1.8247   1.8841   1.9791   2.0465   1.9648   1.5522    2.023   1.8743   1.8643   0.7044   0.7273   2.0785   1.4909   0.8157   1.7117   1.6006   1.8153    1.813   1.7534   1.4251   1.8929    1.925   0.5812   1.9956   1.8821

K9
  mean      -285.9808-199.6072-165.1411-120.8189-206.2768-219.3467-241.2769-152.4799-405.5515-161.4423-282.0814-185.7164 -307.047-108.6375-236.5026-280.9661-197.4175-125.6407 -145.824 -76.2315-214.6931-148.8087 -219.166-171.6495-220.5422-192.3953 -174.561 -296.359-222.8447-261.6981-166.5254-173.5159-338.2664-236.8877-143.6551-240.9678-146.3769-141.8502-197.4147-278.5576-241.0121-258.5567-199.2321-176.8626
  std. dev.   16.4432  11.0903  26.5273  11.2292  10.7646  22.3487  12.3142  11.6661  60.3361  17.0086  15.4887   9.8942  27.2727  11.6948  12.8946  42.2619  12.5109   11.085  10.0924  18.3619   8.3901  12.2267   7.1966   7.6539  20.7013  18.1643   14.731   16.294  10.0544   8.9082   6.5194  11.8841  23.6487   8.1956  21.0899  10.6299   9.6436  11.6078  22.2354  10.5455  12.6992   8.7945    5.649   8.4128



Time taken to build model (full training data) : 4756.49 seconds

=== Model and evaluation on training set ===

Clustered Instances

 0       137 (  3%)
 1       132 (  3%)
 2        34 (  1%)
 3        93 (  2%)
 4       130 (  3%)
 5        48 (  1%)
 6       144 (  3%)
 7       178 (  4%)
 8        23 (  0%)
 9        84 (  2%)
10       123 (  3%)
11       150 (  3%)
12       177 (  4%)
13       113 (  2%)
14       104 (  2%)
15         5 (  0%)
16       158 (  3%)
17       182 (  4%)
18       151 (  3%)
19        53 (  1%)
20        92 (  2%)
21        69 (  1%)
22        75 (  2%)
23       122 (  2%)
24       165 (  3%)
25       235 (  5%)
26       141 (  3%)
27        95 (  2%)
28        87 (  2%)
29       127 (  3%)
30       158 (  3%)
31        56 (  1%)
32       105 (  2%)
33        82 (  2%)
34        73 (  1%)
35       107 (  2%)
36       134 (  3%)
37       136 (  3%)
38       117 (  2%)
39        80 (  2%)
40       137 (  3%)
41        63 (  1%)
42       115 (  2%)
43       108 (  2%)


Log likelihood: -30.05223


Class attribute: quality
Classes to Clusters:

   0   1   2   3   4   5   6   7   8   9  10  11  12  13  14  15  16  17  18  19  20  21  22  23  24  25  26  27  28  29  30  31  32  33  34  35  36  37  38  39  40  41  42  43  <-- assigned to cluster
   2   1   0   0   0   2   0   0   1   0   1   2   0   2   0   2   1   0   0   2   0   0   0   1   1   0   0   0   0   0   0   0   1   1   0   0   0   0   0   0   0   0   0   0 | 3
   6   0   0   1   1   2   3   2   1   0   8  12   2  15   4   2   9  10  13  10   0   1   2  10   5   3   1   9   0   3   4   0   3   3   0   3   1   2   5   2   2   2   1   0 | 4
  70  43   8   9  23  19  85  22  13  19  52  48  82  36  51   1  42  41  37  14  17  10  33  39  53  62  33  28  41  58  14  15  45  39  17  33  12  12  46  29  42  28  24  12 | 5
  47  66  14  51  56  22  51 104   8  57  50  64  81  45  37   0  71  79  61  23  41  29  27  50  84 103  58  41  43  58  66  15  49  30  44  44  59  68  57  39  71  18  55  62 | 6
  12  10   7  28  47   1   5  43   0   7   8  18   6  13  12   0  30  44  32   4  27  22  11  19  17  64  40  15   3   7  62  22   7   8   6  25  55  44   4  10  20  15  24  26 | 7
   0  12   5   3   2   2   0   7   0   1   4   6   6   2   0   0   5   8   8   0   7   6   2   3   5   3   8   2   0   1  11   4   0   1   6   2   7  10   5   0   2   0  11   8 | 8
   0   0   0   1   1   0   0   0   0   0   0   0   0   0   0   0   0   0   0   0   0   1   0   0   0   0   1   0   0   0   1   0   0   0   0   0   0   0   0   0   0   0   0   0 | 9

Cluster  0 <-- No class
Cluster  1 <-- 8
Cluster  2 <-- No class
Cluster  3 <-- No class
Cluster  4 <-- No class
Cluster  5 <-- No class
Cluster  6 <-- 5
Cluster  7 <-- 6
Cluster  8 <-- No class
Cluster  9 <-- No class
Cluster 10 <-- No class
Cluster 11 <-- No class
Cluster 12 <-- No class
Cluster 13 <-- 4
Cluster 14 <-- No class
Cluster 15 <-- No class
Cluster 16 <-- No class
Cluster 17 <-- No class
Cluster 18 <-- No class
Cluster 19 <-- 3
Cluster 20 <-- No class
Cluster 21 <-- No class
Cluster 22 <-- No class
Cluster 23 <-- No class
Cluster 24 <-- No class
Cluster 25 <-- 7
Cluster 26 <-- No class
Cluster 27 <-- No class
Cluster 28 <-- No class
Cluster 29 <-- No class
Cluster 30 <-- 9
Cluster 31 <-- No class
Cluster 32 <-- No class
Cluster 33 <-- No class
Cluster 34 <-- No class
Cluster 35 <-- No class
Cluster 36 <-- No class
Cluster 37 <-- No class
Cluster 38 <-- No class
Cluster 39 <-- No class
Cluster 40 <-- No class
Cluster 41 <-- No class
Cluster 42 <-- No class
Cluster 43 <-- No class

Incorrectly clustered instances :	4615.0	 94.2221 %

