=== Run information ===

Scheme:       weka.clusterers.EM -I 100 -N -1 -X 10 -max -1 -ll-cv 1.0E-6 -ll-iter 1.0E-6 -M 1.0E-6 -K 10 -num-slots 1 -S 100
Relation:     winequality-white-weka.filters.unsupervised.attribute.NumericToNominal-Rlast-weka.filters.unsupervised.attribute.RandomProjection-N9-R20-DSparse1
Instances:    4898
Attributes:   10
              K1
              K2
              K3
              K4
              K5
              K6
              K7
              K8
              K9
Ignored:
              quality
Test mode:    Classes to clusters evaluation on training data

=== Clustering model (full training set) ===


EM
==

Number of clusters selected by cross validation: 30
Number of iterations performed: 100


             Cluster
Attribute          0        1        2        3        4        5        6        7        8        9       10       11       12       13       14       15       16       17       18       19       20       21       22       23       24       25       26       27       28       29
              (0.03)   (0.01)   (0.05)   (0.04)   (0.04)   (0.02)   (0.04)   (0.02)   (0.04)   (0.04)   (0.03)   (0.05)   (0.04)   (0.03)   (0.04)   (0.01)   (0.04)   (0.01)   (0.05)   (0.04)   (0.04)   (0.04)   (0.05)   (0.05)   (0.03)   (0.03)   (0.04)   (0.02)   (0.02)   (0.02)
==========================================================================================================================================================================================================================================================================================
K1
  mean         66.085   1.8356  46.5336  57.2978  43.2137  58.4953  47.2512  20.4724   68.706  41.4887  15.2981  40.3044  58.0116  62.9178  29.9341 119.5263  22.0009     51.1  34.3968  42.0024  33.3611  28.3433  33.5781  43.3274  72.9871  44.6575  60.7981  59.3764  52.6335  58.1552
  std. dev.   38.1442   9.6698  25.0606   26.778  21.2194  29.0096  23.1375   14.821   24.386   17.035  12.8095  19.4566  24.5301  25.3988  16.2276 109.9007  14.4303  13.9286  16.3676  18.5365   19.297  21.1984   17.455  20.5337  23.7891  20.5911  25.6677   24.309  21.3114  20.1076

K2
  mean        88.8635  21.0629  71.4592  81.1815    63.84  91.0866  93.1264  48.0797 106.6867  59.0627  31.4929  62.2206  79.7541  99.2464  48.5996 158.1125   39.232  82.9605   51.956  60.8583  72.7917  67.3734  56.0482  66.9885 118.5536   93.053  99.2894   79.434  73.4813 104.6715
  std. dev.   39.7689   9.6752  28.6803  28.9034   21.942  32.6241  25.0693  18.0188  28.0055  16.1717  13.4245  23.3157  24.0765  30.8568  17.2793  95.8574  13.3553  17.9503  14.7236  18.3734  26.0526  25.2327  18.2804  26.3865  23.4675   20.722  29.8219  26.0823  21.7614  17.8541

K3
  mean       296.4191  64.8816  244.819 276.1656 215.7122 261.8524 279.8112 153.3397 351.3744 178.3052  112.917 210.2665 260.6003  328.661 174.2073 445.9396 135.6187 389.3037 157.8808 196.0585 221.8505 187.9057 191.9088 225.9896 386.5477 251.7325  302.677  327.566  240.186 314.7572
  std. dev.    6.9213  20.5615   6.0884   5.7011   6.7603   6.2597   8.8708   6.4612   8.6789   5.3824   9.1328   5.1616    4.933   5.2475   4.9188 108.2949   6.1181  21.3295   6.8616   5.6473   8.7155  10.2649   6.4278   6.0086  16.3998   8.4946   7.2193  13.7415    6.427   4.4091

K4
  mean       310.4883   77.529  260.008 290.9534  228.465 281.0522 305.9514 169.9846  373.254 189.2036 123.8751 224.2191 274.1375 349.8289 186.3674 468.7963 146.7992 408.2076 169.1266 207.5794 244.5467 209.9149  206.009 240.3631 412.4946 279.1531 325.1778 340.2908 252.7677  341.448
  std. dev.    7.4193  20.4255     6.87   6.0311   7.6672   7.9241   6.0523   8.9958   9.1932   5.8303   8.7792    6.003   5.8509   7.8399   5.3084  99.3116   6.7145  21.5826   7.0431   5.5486   9.9382   8.7167   6.6259   6.2536  16.8785   7.7539   5.4359  14.5811   6.7034   6.0074

K5
  mean      -287.8284 -54.2692-237.3454-267.9517-206.2496-258.0998-282.6794-147.0719-350.2793-167.6763-101.0323-201.2639-251.4725-326.7306-163.6465-444.5508-124.5707 -384.927-147.0936-186.0769-221.5627-187.7964-183.1776-218.0298-389.3113-256.0095-301.6823-317.5327-231.0498-317.7815
  std. dev.     7.796  20.8986   7.1786   6.1496   7.5694   7.9527    6.123   8.9832   8.5341   5.9225   9.5454   6.3451   5.6561   7.7944   5.6164  99.0733   6.8115  21.7034   7.1565     6.16   9.7197   8.6897   7.0889   6.7055  16.8554   7.7456   5.5314  14.3523   6.3308   5.5295

K6
  mean        18.7177   19.156  17.2875  18.3302  21.3279   16.345  15.8447  16.9366  16.1577  20.9389  18.8617    17.83  19.1639   16.257   17.732  17.5848  19.6027  17.3331  20.5569  21.1596  15.7803  15.9816  18.2773  18.4741  15.7425  15.4554  16.0893  19.1341  20.9241  15.8744
  std. dev.    1.5151   1.9557   1.0248   1.5138   0.8709   0.3983   0.6653   0.9932   0.6284   1.0544   1.7539   1.1096   1.4052   0.7006   1.2079   2.3079   1.7977   0.5101   1.2784   1.0531    0.611    0.754   0.7507   0.9252    0.528   0.3068   0.7225    1.211   1.1994   0.5474

K7
  mean        18.5199  18.8453  17.1513  18.1195  21.0483  16.1083  15.6064  16.7196  15.9276  20.7326  18.6235  17.6736  18.9734  16.0125  17.5972   17.306  19.4112  17.2905  20.3559  20.9257  15.5166  15.7751  18.1384  18.2966  15.3806  15.1556  15.8693  18.9098  20.6419  15.6323
  std. dev.    1.4485   1.8754   1.0392   1.4389   0.8401   0.4086     0.66   1.0255   0.6426   1.0246   1.7216    1.106   1.3101   0.7357   1.2038   2.0776   1.7374     0.51   1.2063   0.9904   0.6346   0.6893   0.7109   0.8667    0.552   0.3891   0.7499   1.2004   1.1036   0.5214

K8
  mean      -303.7299 -72.4442 -252.174-283.6497-222.7377-269.4059-287.6047-160.7756  -358.89-184.9969-120.3411 -217.856-267.9066-336.2798-181.6428-454.1307-142.7524-396.9628-164.9125-202.7425-229.4201-194.9935-199.3801 -233.144-394.2893-259.5083-310.5515-334.9128-246.9369-322.7667
  std. dev.    6.7707  20.4217   6.1347   5.7673   6.7339   6.5729   8.8072   6.5484   8.7081   5.4648   8.7309   5.2649   4.9736   5.0222   5.0218  108.386   6.0779  21.1377   7.0748   5.6457   9.0566  10.4997   6.4971   6.0475  16.1724   8.4831   7.3228  13.8844   6.6229   4.3787

K9
  mean         5.3331   5.3816   3.9334   4.7694   8.1677   2.7585   2.1469   3.3821   2.6278   8.1288   5.3596   4.3068   5.7806   2.6535    4.308   3.4459   6.4368   3.7376   7.4843    8.371   2.1673   2.8188   4.8038   5.2421   2.0715   1.7453   2.2989   5.7039    7.977   1.9723
  std. dev.    2.1067   3.6089   1.7403   2.1058    1.805   1.3246    1.545   1.5345   1.2964   1.9479   2.6574   1.9178   2.2393   1.5189   1.8282   2.8644   2.5197   1.2821   2.0199   1.6797    1.372   1.4069   1.5819   1.5386   1.2807   0.9313     1.63   1.5814   1.6257   1.0895



Time taken to build model (full training data) : 2763.86 seconds

=== Model and evaluation on training set ===

Clustered Instances

 0       142 (  3%)
 1        54 (  1%)
 2       258 (  5%)
 3       211 (  4%)
 4       171 (  3%)
 5       115 (  2%)
 6       209 (  4%)
 7       112 (  2%)
 8       189 (  4%)
 9       175 (  4%)
10       129 (  3%)
11       245 (  5%)
12       178 (  4%)
13       137 (  3%)
14       201 (  4%)
15        28 (  1%)
16       213 (  4%)
17        49 (  1%)
18       259 (  5%)
19       179 (  4%)
20       190 (  4%)
21       182 (  4%)
22       224 (  5%)
23       239 (  5%)
24       124 (  3%)
25       136 (  3%)
26       206 (  4%)
27       109 (  2%)
28       115 (  2%)
29       119 (  2%)


Log likelihood: -30.42209


Class attribute: quality
Classes to Clusters:

   0   1   2   3   4   5   6   7   8   9  10  11  12  13  14  15  16  17  18  19  20  21  22  23  24  25  26  27  28  29  <-- assigned to cluster
   0   2   0   2   0   0   0   0   0   1   2   1   0   1   0   5   0   0   0   1   1   0   1   0   1   0   1   1   0   0 | 3
   2  11   5   2   0   4   7   9   8   0  17   9   0   6  13   2   9   1   3   1   3   8  12   6   2   3   9   2   1   8 | 4
  39  15 101  59  10  42  93  43  94  16  40  54  26  76  51  10  44  13  15   7 107  75  41  62  67  67 110  29   3  48 | 5
  68  21 107 115  63  65  83  45  70  75  53 128  80  49 103  11  97  35 132  85  62  92 117 114  47  47  78  56  51  49 | 6
  25   5  45  27  74   3  26  11  11  71  14  42  60   5  28   0  52   0  92  63  14   7  50  51   7  11   8  14  50  14 | 7
   8   0   0   6  23   1   0   4   6  12   3  10  12   0   6   0  11   0  16  21   3   0   3   6   0   8   0   7   9   0 | 8
   0   0   0   0   1   0   0   0   0   0   0   1   0   0   0   0   0   0   1   1   0   0   0   0   0   0   0   0   1   0 | 9

Cluster  0 <-- No class
Cluster  1 <-- No class
Cluster  2 <-- No class
Cluster  3 <-- No class
Cluster  4 <-- 8
Cluster  5 <-- No class
Cluster  6 <-- No class
Cluster  7 <-- No class
Cluster  8 <-- No class
Cluster  9 <-- No class
Cluster 10 <-- 4
Cluster 11 <-- 6
Cluster 12 <-- No class
Cluster 13 <-- No class
Cluster 14 <-- No class
Cluster 15 <-- 3
Cluster 16 <-- No class
Cluster 17 <-- No class
Cluster 18 <-- 7
Cluster 19 <-- No class
Cluster 20 <-- No class
Cluster 21 <-- No class
Cluster 22 <-- No class
Cluster 23 <-- No class
Cluster 24 <-- No class
Cluster 25 <-- No class
Cluster 26 <-- 5
Cluster 27 <-- No class
Cluster 28 <-- 9
Cluster 29 <-- No class

Incorrectly clustered instances :	4522.0	 92.3234 %

