=== Run information ===

Scheme:       weka.clusterers.EM -I 100 -N -1 -X 10 -max -1 -ll-cv 1.0E-6 -ll-iter 1.0E-6 -M 1.0E-6 -K 10 -num-slots 1 -S 100
Relation:     winequality-white-weka.filters.unsupervised.attribute.NumericToNominal-Rlast-weka.filters.unsupervised.attribute.RandomProjection-N9-R42-DSparse1
Instances:    4898
Attributes:   10
              K1
              K2
              K3
              K4
              K5
              K6
              K7
              K8
              K9
Ignored:
              quality
Test mode:    Classes to clusters evaluation on training data

=== Clustering model (full training set) ===


EM
==

Number of clusters selected by cross validation: 35
Number of iterations performed: 100


             Cluster
Attribute          0        1        2        3        4        5        6        7        8        9       10       11       12       13       14       15       16       17       18       19       20       21       22       23       24       25       26       27       28       29       30       31       32       33       34
              (0.04)   (0.02)   (0.03)   (0.03)   (0.03)   (0.03)   (0.04)   (0.04)   (0.03)   (0.05)   (0.02)   (0.04)   (0.03)   (0.02)   (0.03)      (0)   (0.02)   (0.01)   (0.04)   (0.03)   (0.02)   (0.04)   (0.04)   (0.02)   (0.03)   (0.03)   (0.03)   (0.03)   (0.04)   (0.03)   (0.03)   (0.01)   (0.03)   (0.02)   (0.02)
=======================================================================================================================================================================================================================================================================================================================================
K1
  mean        15.3317    6.159  14.7739  16.3802   13.806  16.9663  18.7247  12.2352  20.3418   9.8952   9.0633  11.0878  16.2049  21.1732    8.871  14.5191   7.6067  24.1384   8.3365  14.1775  10.0844  12.8105   8.8438  12.2815  15.9218  14.1229  16.8476  10.8211   7.8631  18.2493   9.1382  11.7251  16.4931   22.683    9.535
  std. dev.    9.1556   3.4743   9.6299  12.0082   9.6375    7.935   8.8941   8.0873   6.9348   6.3244   7.6504   7.0115   9.1054   6.4761   5.2134   9.4034    5.127   7.7636   4.8298   9.6144   6.2481   7.9414   5.9853   6.5505   6.4787    9.271   9.1695   7.0369   4.6225    9.935    5.981   7.3668   9.6559   7.5114   6.3501

K2
  mean       309.5253 112.9962 243.5235 276.1678 219.2609 320.2932 294.3516 230.1497 401.3327 166.7244 106.4118 220.2863 269.5526 364.4115 164.5378 483.6169 107.8025 369.9342 142.5139 207.5591 269.3641  192.541 197.3055 260.5955 352.6471 239.4071 278.3653 210.0769 170.2328 312.3366 185.5472 282.1638 259.2722 336.8263 200.6371
  std. dev.   11.6333  26.2419    4.547  14.0718   8.1281   7.8762   4.9711   9.6942  18.5423   7.2536  24.4098   9.4254   8.8312   6.5262  10.2291 102.6894  27.9917  34.8344   6.9754  12.5424  19.5757   7.0926   7.9188   4.8756  11.9856   7.1773   4.7774   8.0983  10.0996   6.0222   8.4662  30.0666    5.139   6.1424  21.8477

K3
  mean        -8.9799  -8.2305   -9.619 -12.1456  -9.6205 -10.0306 -10.3988  -8.7578  -9.9499   -9.764 -10.3151  -10.328 -11.0102  -11.127  -11.965 -11.7264 -12.9372 -12.6795  -9.8071  -7.7674  -7.4979 -10.0338  -8.9798  -8.9106  -9.3645 -11.3215   -9.601 -11.5983  -8.0947 -11.3239 -10.9505 -14.5119 -10.0658 -11.0408 -13.4726
  std. dev.    0.4473   0.6411   0.3447   0.4493    0.198   0.3434   0.5688   0.2661   0.7447   0.4821   0.4382   0.2401   0.2901   0.5348   0.6328   2.1124   1.0255   0.6241   0.7154   0.6776   0.6996   0.2901   0.3531   0.3838   0.4875   0.5608   0.5493   0.5083   0.6059   0.5027   0.3136    1.613   0.3055   0.4282   0.7985

K4
  mean      -290.8582 -92.1094-224.1993 -256.442-199.4317-301.7129-275.7766-210.1558-383.4212-145.8062 -85.3344 -199.835-250.5865-346.3521-143.7769 -464.505 -87.6421-351.4678-121.2071 -187.151-249.6208-172.0239-176.8756-240.9763-334.3897-219.8679-259.6168-189.7256-149.1366-293.6097 -164.975-263.4083-240.4272-318.7683-180.4315
  std. dev.   11.8055  26.2982   4.9454  14.2854   8.4722   7.8534   5.1595   9.4849  18.5353   7.6134   24.457   9.4988   8.8953   6.4298  10.3461 102.1392  27.6459  35.0853   7.2053  12.1533  19.7285   7.4354   8.2539   5.3643  11.9244   7.0459   4.6856   8.0901   10.478   6.2678    8.493  30.4112   4.9946   6.3323  22.0263

K5
  mean        87.0792  26.5156  67.0535  69.0064   55.459  80.4762   71.922  63.0785  93.9374     45.4  23.1267  56.0655  73.5085  86.8106  39.8434 174.5456  21.1952  82.0646  37.3469  56.7576  79.2453   52.633  48.0264  82.0192  87.9326  53.7229  72.4584  48.2276  46.6806  78.6297  46.5379  48.9906  62.4429    82.97  43.7246
  std. dev.   33.0196   13.538  21.8482  21.2037  19.3917  25.1336  25.5649  23.0595  24.7143   15.171  11.1072  20.7558  24.5033  22.4454  14.7066 100.4419  10.0626  25.9808   12.852  17.5293   32.941  16.1057  18.1413  19.9086  26.8724  20.6016  26.7945   18.786  17.5191  24.2037   17.678  17.8144  23.7454  22.2384  18.9987

K6
  mean       308.5424 112.1176 242.6257 275.2336 218.3396 319.3002  293.388 229.2704 400.3593 165.8102 105.5533 219.3636 268.6418 363.4262 163.6655 482.6217 106.9589 368.8507 141.6137 206.6528 268.4306 191.6043 196.3835 259.6184 351.6707 238.4778 277.4181 209.2079 169.3303 311.3659 184.6114 281.2485 258.3491 335.8745 199.7799
  std. dev.   11.6362  26.2237   4.5299  14.0238   8.1384   7.8694   4.9635   9.6872  18.5298   7.2461  24.3643   9.4437   8.8534   6.4887  10.2308 102.5936  27.9508  34.8025   6.9966  12.5128  19.6099   7.0763   7.8692   4.8926  11.9683   7.1679   4.7753    8.076  10.0894    6.001   8.4629  30.0628   5.1055    6.137  21.8092

K7
  mean        -10.703  -9.9469 -11.3412 -13.8703 -11.3417 -11.7555  -12.124 -10.4779 -11.6767 -11.4825 -12.0331  -12.048 -12.7344 -12.8542 -13.6844 -13.4511 -14.6567 -14.4087 -11.5244  -9.4871  -9.2172 -11.7538 -10.6981 -10.6315  -11.089 -13.0444 -11.3249 -13.3193  -9.8115 -13.0497 -12.6703 -16.2373 -11.7895 -12.7682 -15.1943
  std. dev.    0.4478   0.6416   0.3451   0.4496   0.1989   0.3436   0.5688   0.2668   0.7459   0.4824   0.4382   0.2403   0.2891   0.5357   0.6329   2.1144   1.0259   0.6248   0.7161   0.6795   0.7007   0.2907   0.3538   0.3842   0.4879   0.5616   0.5494   0.5085    0.606   0.5029   0.3137   1.6128   0.3062   0.4275   0.7993

K8
  mean       408.0107 153.3539 322.7854 357.4602  287.419 412.0303  377.592 306.1418 505.8724 225.8931 143.6285 289.5886 354.6511 462.1745 218.0723  669.845 142.1582  462.987 194.1394 277.6349 361.1989 258.4934  258.616 354.9083 451.5012 305.4325  362.305 271.4657 230.8655 402.3563 245.3185 342.7635 333.3555 430.6316 257.3792
  std. dev.   33.9224  34.2365  22.2063  24.0864  21.2983  25.8371   25.496    25.55  27.5036  16.6475  31.1448  22.0152  25.8059  22.0706  18.6579  167.433  34.0111  40.9466  15.0362  20.8679  38.5681  16.7067  19.7611  20.1809  29.0573  21.6036  27.1956  19.9063  20.8532  25.7092  20.0711  34.4611  24.8521  21.5727  28.9477

K9
  mean       -17.2357 -16.5029 -17.8169 -20.5022 -17.7811 -18.3048 -18.6035 -16.9909 -18.2692 -17.9344 -18.4988 -18.5322 -19.2617 -19.3043 -20.0403  -20.086 -20.9407 -20.9742 -17.9889 -16.0634 -15.8845   -18.16 -17.2293 -17.1463 -17.7186  -19.491 -17.8459 -19.8482 -16.3975 -19.5615 -19.1796 -22.7387 -18.2521 -19.2058 -21.6392
  std. dev.    0.4409   0.6091   0.3786   0.4622   0.3516   0.3847   0.6197   0.3563   0.7104   0.4489    0.459   0.3201   0.3894    0.575   0.6165   2.0428   0.9759   0.7837   0.6461   0.5805     0.67   0.3328   0.4024   0.4047   0.5604   0.6223   0.5794   0.5544   0.5397   0.5396   0.3971   1.7034   0.4226   0.4861   0.8206



Time taken to build model (full training data) : 3281.47 seconds

=== Model and evaluation on training set ===

Clustered Instances

 0       179 (  4%)
 1       115 (  2%)
 2       152 (  3%)
 3       147 (  3%)
 4       157 (  3%)
 5       154 (  3%)
 6       170 (  3%)
 7       178 (  4%)
 8       145 (  3%)
 9       227 (  5%)
10        83 (  2%)
11       220 (  4%)
12       169 (  3%)
13        86 (  2%)
14       130 (  3%)
15        18 (  0%)
16        81 (  2%)
17        57 (  1%)
18       209 (  4%)
19       133 (  3%)
20        79 (  2%)
21       192 (  4%)
22       208 (  4%)
23       109 (  2%)
24       172 (  4%)
25       170 (  3%)
26       170 (  3%)
27       151 (  3%)
28       171 (  3%)
29       124 (  3%)
30       160 (  3%)
31        52 (  1%)
32       134 (  3%)
33       105 (  2%)
34        91 (  2%)


Log likelihood: -28.70331


Class attribute: quality
Classes to Clusters:

   0   1   2   3   4   5   6   7   8   9  10  11  12  13  14  15  16  17  18  19  20  21  22  23  24  25  26  27  28  29  30  31  32  33  34  <-- assigned to cluster
   0   0   0   0   0   0   0   0   0   0   2   0   0   0   1   5   2   2   0   0   1   0   2   0   1   1   1   0   0   0   0   2   0   0   0 | 3
   2  11   1   2   1   7   4   1   1   6  10   6   4   0   5   3  12   1  13   0   1   0  11   1  11   5   4   4   3   4   7   8   2   5   7 | 4
  88  32  53  36  35  64  59  44  72  23  19  39  59  39  31   6  37  20  33  13  25  36  35  34  91  57  67  53  26  52  35  21  52  41  30 | 5
  71  45  63  77  70  66  81  89  65 119  38  91  76  31  59   4  26  33  96  81  33  89 106  43  65  66  84  61  88  56  73  16  51  46  40 | 6
  12  21  32  25  47  15  26  39   7  64  13  67  18  10  28   0   4   1  55  24  14  50  50  29   4  37  13  29  47   6  38   5  24  13  13 | 7
   6   6   3   7   4   2   0   5   0  15   1  16  12   6   6   0   0   0  11  15   5  17   4   2   0   3   1   4   7   6   6   0   5   0   0 | 8
   0   0   0   0   0   0   0   0   0   0   0   1   0   0   0   0   0   0   1   0   0   0   0   0   0   1   0   0   0   0   1   0   0   0   1 | 9

Cluster  0 <-- No class
Cluster  1 <-- No class
Cluster  2 <-- No class
Cluster  3 <-- No class
Cluster  4 <-- No class
Cluster  5 <-- No class
Cluster  6 <-- No class
Cluster  7 <-- No class
Cluster  8 <-- No class
Cluster  9 <-- 6
Cluster 10 <-- No class
Cluster 11 <-- 7
Cluster 12 <-- No class
Cluster 13 <-- No class
Cluster 14 <-- No class
Cluster 15 <-- 3
Cluster 16 <-- No class
Cluster 17 <-- No class
Cluster 18 <-- 4
Cluster 19 <-- No class
Cluster 20 <-- No class
Cluster 21 <-- 8
Cluster 22 <-- No class
Cluster 23 <-- No class
Cluster 24 <-- 5
Cluster 25 <-- No class
Cluster 26 <-- No class
Cluster 27 <-- No class
Cluster 28 <-- No class
Cluster 29 <-- No class
Cluster 30 <-- No class
Cluster 31 <-- No class
Cluster 32 <-- No class
Cluster 33 <-- No class
Cluster 34 <-- 9

Incorrectly clustered instances :	4585.0	 93.6096 %

