=== Run information ===

Scheme:       weka.clusterers.EM -I 100 -N -1 -X 10 -max -1 -ll-cv 1.0E-6 -ll-iter 1.0E-6 -M 1.0E-6 -K 10 -num-slots 1 -S 100
Relation:     winequality-white-weka.filters.unsupervised.attribute.NumericToNominal-Rlast-weka.filters.unsupervised.attribute.RandomProjection-N9-R40-DSparse1
Instances:    4898
Attributes:   10
              K1
              K2
              K3
              K4
              K5
              K6
              K7
              K8
              K9
Ignored:
              quality
Test mode:    Classes to clusters evaluation on training data

=== Clustering model (full training set) ===


EM
==

Number of clusters selected by cross validation: 20
Number of iterations performed: 100


             Cluster
Attribute          0        1        2        3        4        5        6        7        8        9       10       11       12       13       14       15       16       17       18       19
              (0.05)   (0.05)   (0.06)   (0.06)   (0.05)   (0.04)   (0.05)   (0.05)   (0.06)   (0.04)   (0.06)   (0.04)   (0.03)   (0.07)   (0.06)   (0.01)   (0.07)   (0.05)   (0.05)   (0.04)
================================================================================================================================================================================================
K1
  mean        71.3201  55.8596  36.2205  10.4832  52.8319  68.6904  75.6081  36.3134  80.4331  44.4869  51.4622   23.854  62.1254  12.4012  43.7568 111.6646  40.8601  27.8112  33.4282  10.3272
  std. dev.   20.3115  31.6708  13.7873   10.847  18.0147  24.7262   13.712   9.2254  18.3424  15.4088  21.0841  14.3301   20.805  11.1838  24.1396  75.4334  12.1355  19.4258   13.461  11.5334

K2
  mean      -270.9243-306.9076-229.7435-181.1929-291.4753-289.3735-348.8842-214.0511-362.2735 -249.037-289.0417-220.2807-372.2848-200.6887-289.0028-354.6392-222.6748-218.0472-261.1879-172.5325
  std. dev.   38.5113  31.7945  21.0944  36.3709  14.9544  28.7114  33.4287  22.2336  39.3382  40.6557  38.0468  26.8035  37.2571  53.6311  51.2521 123.0468  26.6546  40.7886  57.9333  37.0419

K3
  mean       -15.8076 -17.0126 -16.9375 -18.4612 -15.9441 -13.6857 -14.4382 -19.5938 -14.2572 -13.8681 -18.9784 -14.6215 -15.7924 -15.9149 -14.7597 -15.8986 -17.3889 -20.7299 -14.6209 -17.9527
  std. dev.     0.726   0.8696   0.6621   0.8481   1.0732   0.3108    0.442   0.4862   0.5307   0.3724    0.837   0.7027   0.7045   0.7474   0.6052   1.7727   0.7816   0.6934   0.4841   1.7393

K4
  mean         16.042  -2.7549   7.1454  -2.3819   5.0924  14.8676   7.9606    0.842  18.0274  23.0583   4.8867   2.6887   6.1122  -3.6616  -3.6913  13.6801  -3.0518  -0.0273  12.1502   7.6874
  std. dev.    3.9786   1.6892   4.3326   2.1426   2.6075   2.4777   1.3202   4.2385   3.9513   3.1833   6.9692   2.5669   2.7347   2.2776   1.7461  17.5859   1.6773   2.5732   3.5965   4.7816

K5
  mean        99.2553  85.1058  65.2499  41.0449  81.1351     95.4  102.171  68.1213 107.5444  70.4488   82.776  50.5313  90.5165  41.1481  71.3515 139.8396  70.4782  60.1664  60.6486  40.6567
  std. dev.   20.2328  31.3199  13.7499  10.8123  17.6857  24.7582  13.5505   9.1901  18.2913  15.2644  20.8029  14.2736  20.6617  11.0776   23.823  74.8295  12.1066  19.4746  13.2647  11.4299

K6
  mean        -4.2087  15.8139   5.8535   16.932   6.7617  -6.0009   2.5858  14.7781  -8.3903 -13.2366  10.0992   7.9713   5.3701  14.9517  13.8243   -1.771  16.4261  17.4982  -1.8646   6.0982
  std. dev.    3.8009    1.269   4.2983   1.6755   2.6482   2.5633   1.4162    4.167   4.1266   3.1413   7.0504   2.3097   3.1706   1.3074   0.9526  17.6936    1.161   2.4521   3.5324   4.7599

K7
  mean        21.6706  22.8969  22.8591  24.2919  21.8563  19.0813  20.2097  25.4012  19.8438  19.5928  24.8788  20.5178  21.6321  21.7291  20.4765  21.6519  23.2359  26.7243  20.4887  23.8594
  std. dev.    0.7284   0.7831   0.6494   0.8214   1.1308   0.5273   0.5255   0.4941   0.6751   0.3762   0.8694   0.6245   0.7202   0.7937   0.7333   1.6182   0.7688   0.7079   0.5948   1.7519

K8
  mean      -262.4028-278.2078-211.1093-151.5429-271.7015 -282.229-333.6689-186.4586-357.4999-249.7327-265.9258-199.6161-353.7405-172.3325-261.8996-343.6523-193.3946-188.1304-249.8598-153.3751
  std. dev.   38.1188  31.8341  20.0693  36.3432   14.883  29.0766   33.456  22.0264  38.5603  40.9315  37.0855  26.8681    37.27  53.7162  51.1951 115.8448   26.667  40.8834  57.3747  36.9039

K9
  mean        -0.1221   -0.143   -0.102  -0.1308  -0.0694  -0.3445  -0.1365  -0.0834  -0.1149  -0.1629  -0.0654   0.0179  -0.0733  -0.1158  -0.1314   -0.085  -0.1927   0.1068   0.0282   0.0319
  std. dev.    0.2119   0.2457   0.1987   0.2173   0.2836   0.2455   0.2245    0.178   0.2734   0.2287   0.2942   0.3455   0.2334   0.3753   0.3831   0.5063   0.1542   0.3003   0.3142   0.3377



Time taken to build model (full training data) : 1196.56 seconds

=== Model and evaluation on training set ===

Clustered Instances

 0       219 (  4%)
 1       264 (  5%)
 2       277 (  6%)
 3       299 (  6%)
 4       243 (  5%)
 5       199 (  4%)
 6       248 (  5%)
 7       261 (  5%)
 8       307 (  6%)
 9       198 (  4%)
10       285 (  6%)
11       183 (  4%)
12       156 (  3%)
13       346 (  7%)
14       272 (  6%)
15        68 (  1%)
16       362 (  7%)
17       263 (  5%)
18       234 (  5%)
19       214 (  4%)


Log likelihood: -28.11122


Class attribute: quality
Classes to Clusters:

   0   1   2   3   4   5   6   7   8   9  10  11  12  13  14  15  16  17  18  19  <-- assigned to cluster
   1   0   0   2   1   0   0   0   2   0   0   1   1   2   1   5   1   0   1   2 | 3
   0   5   3  19   3   7   4   0   5   4   1  10   7  38  18   2   4   2  11  20 | 4
  64  74  40  49  80  82 152   9 144  90  15  85  58 146 135  19  46  11 113  45 | 5
 127 130 166 147 122  78  89 115 118  79 131  79  86 138  97  33 185  93  95  90 | 6
  25  47  58  73  33  21   3 105  32  25 110   8   3  21  19   7 113 123  11  43 | 7
   2   8   9   8   4  11   0  32   6   0  28   0   1   1   2   2  13  31   3  14 | 8
   0   0   1   1   0   0   0   0   0   0   0   0   0   0   0   0   0   3   0   0 | 9

Cluster  0 <-- No class
Cluster  1 <-- No class
Cluster  2 <-- No class
Cluster  3 <-- 9
Cluster  4 <-- No class
Cluster  5 <-- No class
Cluster  6 <-- 5
Cluster  7 <-- 8
Cluster  8 <-- No class
Cluster  9 <-- No class
Cluster 10 <-- No class
Cluster 11 <-- No class
Cluster 12 <-- No class
Cluster 13 <-- 4
Cluster 14 <-- No class
Cluster 15 <-- 3
Cluster 16 <-- 6
Cluster 17 <-- 7
Cluster 18 <-- No class
Cluster 19 <-- No class

Incorrectly clustered instances :	4362.0	 89.0568 %

