=== Run information ===

Scheme:       weka.clusterers.EM -I 100 -N -1 -X 10 -max -1 -ll-cv 1.0E-6 -ll-iter 1.0E-6 -M 1.0E-6 -K 10 -num-slots 1 -S 100
Relation:     winequality-white-weka.filters.unsupervised.attribute.NumericToNominal-Rlast-weka.filters.unsupervised.attribute.RandomProjection-N9-R5-DSparse1
Instances:    4898
Attributes:   10
              K1
              K2
              K3
              K4
              K5
              K6
              K7
              K8
              K9
Ignored:
              quality
Test mode:    Classes to clusters evaluation on training data

=== Clustering model (full training set) ===


EM
==

Number of clusters selected by cross validation: 30
Number of iterations performed: 100


             Cluster
Attribute          0        1        2        3        4        5        6        7        8        9       10       11       12       13       14       15       16       17       18       19       20       21       22       23       24       25       26       27       28       29
              (0.04)   (0.04)   (0.01)   (0.03)   (0.05)   (0.04)   (0.04)   (0.05)   (0.03)   (0.03)   (0.03)   (0.04)   (0.02)   (0.05)   (0.05)   (0.04)   (0.05)   (0.02)   (0.03)   (0.03)   (0.01)   (0.02)   (0.02)   (0.04)   (0.04)   (0.05)   (0.03)   (0.03)   (0.03)   (0.04)
==========================================================================================================================================================================================================================================================================================
K1
  mean         284.46 269.3935 404.0531 287.8873 319.8116 295.6651 203.7906 209.9072 234.1107 341.2189 407.5992 259.6981 370.3476 255.1775 169.7256 226.6129 149.5563 310.7837  237.057  235.801  49.9772 218.2349  99.9273 130.1301 202.7596  172.827 185.5119 191.9574 362.8979 320.9991
  std. dev.    8.6939   8.5027 134.9309   10.967  11.8989    7.123   5.3292    7.667   8.9017   6.0356  19.1039   6.9469  14.3855   9.2207   7.3045   6.4151   6.5122  21.5982   9.7483   6.5319  12.5004   5.7435  12.8244   7.9112   9.1934    7.365   6.3713   5.3464   9.8405   7.1516

K2
  mean       325.2787 341.2514  548.989 299.9568 351.2109 361.7988 231.3105  256.967 237.4796 404.0205  483.274 307.2803 409.1996 277.3959 197.6114 253.7486 162.4071 416.5945 302.4867 276.2325  34.8049 232.2719  94.5016 131.8628 204.3553 178.3639 225.9105 209.9311 442.0435 389.9186
  std. dev.   10.8167   11.119 180.9623  11.9211  14.5215  11.4739   7.0071   10.336  10.3675  10.1944  21.1909   9.4922  20.4212  12.6571   8.3419   6.9472  11.8539  26.0193  14.2964   5.9952  15.6979   7.2142  16.3231  10.5581  11.5561   9.9402   8.8691   5.7696   13.151  12.2258

K3
  mean       251.7969 239.3292 371.2951 260.5024 289.1409 261.9677 175.5042 179.6446  209.102 305.2319 372.2027 232.1512 339.5538 224.2379 143.9973 200.1182 123.8737 279.2706 203.4302 207.1806   25.188 193.8993  75.7505 105.2622  174.491 146.6557 159.1203 167.5855 329.3383 289.9128
  std. dev.   13.1984  10.9908 139.2648  13.5685  16.4849  10.0661   8.1319  12.5001  13.4572  10.2121  20.1731   9.2289  15.4656  14.9211   8.2629   8.7047   7.8238  21.2904  12.2856   11.114  12.9822     6.86  16.0012   9.3393  14.0416  10.2318   8.9042   6.8207  11.2737   10.831

K4
  mean        -5.3979  -5.4253  -5.4382   -5.455   -5.442  -5.4552  -5.4891  -5.3929    -5.41  -5.3363  -5.3708  -5.5562  -5.5168  -5.4024  -5.4518  -5.5161  -5.4418  -5.4235  -5.4463  -5.4807   -5.372  -5.4508  -5.3707  -5.4322  -5.4082  -5.4309  -5.4958  -5.5484  -5.3779  -5.4638
  std. dev.     0.261   0.2816   0.3135   0.3432   0.2548   0.2892   0.2618   0.2428   0.2192   0.2092   0.2153   0.2562   0.3259   0.2455   0.2671   0.2788   0.2652    0.282   0.2273   0.2573   0.2853   0.2674   0.2926   0.2861   0.2742   0.2564   0.2737   0.2834   0.1368   0.2523

K5
  mean       -71.4047-106.1895-176.6487 -48.7423 -63.5617 -94.9313 -68.1628 -84.4495 -43.3641 -87.4394-100.0654  -86.395 -70.2218 -55.0385   -73.56 -69.0792 -57.8889  -137.63 -98.5287  -78.912 -28.7371 -58.3084 -38.9128 -46.6745 -38.7767 -47.2207 -85.5275 -62.2652-105.7512 -99.9913
  std. dev.    12.012  16.0576  92.5622  13.1637  15.0004  12.7257  10.4501   16.477   8.5076  12.1381   24.308  11.1407  14.7365  13.2264   11.233   9.7382  14.2042  20.1602  17.9154  10.5746   6.1329   5.6041  11.5678  12.8679  10.3811   9.7268  10.1436   7.0868  11.5788  12.2783

K6
  mean       -69.7661-102.0425-175.0844 -41.7101 -60.2046 -94.9357 -60.9822  -79.685 -33.6735  -90.151-102.6715 -79.3829 -67.4597 -51.6823 -62.9217 -60.0921 -47.4667-135.6775 -97.5726 -72.4541 -17.1081 -47.1446 -26.9829 -35.6252 -32.1772 -37.9171 -75.5901 -51.2415-106.4874 -97.6394
  std. dev.    7.6396  11.7805  83.5952  10.8931  12.6223  10.1972   6.5836   9.7956   8.4336   9.3743  23.3643   7.4502  14.3673  10.2346   8.8875   6.4398  12.9615  16.2089  12.4494   6.8925    5.646   3.9853   9.4299   10.914   9.5689   8.6397   8.1868    5.662  10.3862  10.6262

K7
  mean       -80.7145 -109.198-185.1238 -46.8788 -69.4732-107.1808 -63.0695 -84.5465 -35.6409 -106.015-118.4126 -82.5916 -77.2786 -60.4078 -60.8801 -60.9417 -45.7285-144.7769 -106.266  -76.303 -16.4405 -45.8121  -25.865 -33.8163 -37.0965 -38.9441 -74.1023 -49.7221-119.9476-107.4219
  std. dev.   12.9206  12.3812  78.1184  14.3698  17.6951  13.8406   8.1056  11.8331  12.7526  11.5099  24.5572  10.1709  17.6395  15.1527   8.4845   7.9688  12.8861  15.8694  12.4713  10.2356   6.7973   5.1214  10.3049  10.6299    14.91  10.8906   9.6798   6.7777  12.7999  14.3444

K8
  mean       -12.4146 -11.9591 -12.1578 -12.4048 -12.3569 -12.1536 -11.5951 -11.6835 -12.2449 -12.3635 -12.2755 -11.6421 -12.1773 -12.2189 -11.7373  -11.795  -11.639 -11.7395 -11.4513 -11.8279 -12.3667  -12.003 -12.4182 -11.7904 -12.2294 -12.0074 -11.6665 -11.6473 -12.0201 -12.0201
  std. dev.    1.3791    1.412   2.0084   2.0479   1.6261   1.4377   1.4562   1.3738   1.7822   1.2168   1.4238   1.4889   1.1032   1.5337    1.513   1.5926   1.4291   1.4124   1.1036     1.42   3.0109   1.4687   2.1288   1.7743    1.917   1.6764   1.4233   1.5827   1.0795   1.1316

K9
  mean       295.8123 277.7239 415.2821 293.8867 329.4547 308.3769 208.7513  217.326 237.2874 356.8695 423.1096 264.8673 380.4106 264.6252 171.3505 229.9842  151.327 321.1104  248.044 241.7071  51.3166 219.6539 100.9692  131.429 208.9812 176.0807 187.7396 193.0773 376.2494 331.2235
  std. dev.   11.8608   12.502 133.9163  13.8853   14.594  11.1115   8.4686   11.486   8.7198   7.7495  20.8569  10.3966  16.5341  11.0337   9.4313   8.6173   8.4359  25.4278  14.3118   8.4791  15.2114   6.5252  12.2982  10.2743  10.7564   8.6523   7.8782   6.5477  12.1805   9.4284



Time taken to build model (full training data) : 2497.24 seconds

=== Model and evaluation on training set ===

Clustered Instances

 0       213 (  4%)
 1       198 (  4%)
 2        30 (  1%)
 3       126 (  3%)
 4       226 (  5%)
 5       183 (  4%)
 6       209 (  4%)
 7       219 (  4%)
 8       122 (  2%)
 9       127 (  3%)
10       152 (  3%)
11       193 (  4%)
12       119 (  2%)
13       255 (  5%)
14       219 (  4%)
15       185 (  4%)
16       228 (  5%)
17       102 (  2%)
18       164 (  3%)
19       172 (  4%)
20        24 (  0%)
21       100 (  2%)
22        86 (  2%)
23       185 (  4%)
24       198 (  4%)
25       230 (  5%)
26       164 (  3%)
27       141 (  3%)
28       132 (  3%)
29       196 (  4%)


Log likelihood: -31.61766


Class attribute: quality
Classes to Clusters:

   0   1   2   3   4   5   6   7   8   9  10  11  12  13  14  15  16  17  18  19  20  21  22  23  24  25  26  27  28  29  <-- assigned to cluster
   1   1   5   0   1   0   0   0   1   1   0   0   2   0   0   0   0   0   0   0   2   0   1   1   2   1   0   1   0   0 | 3
   5   1   2   8  16   2   5   1   5   3   3   0   5  11   3   2  11   2   1   0   6   0  14  16  20  12   0   3   3   3 | 4
  71  52  11  44  98  77  31  22  59  51  71  57  48  92  14  48  39  35  38  40   8  19  27  51  77  62  15  29  68 103 | 5
  88 106   8  57  90  85  92 113  42  62  70  78  55 110 117  77 101  51  72  79   7  58  33  78  81 107  81  78  48  74 | 6
  35  34   1  17  17  18  65  67  15  10   8  47   9  35  73  46  66   9  43  49   1  19   9  32  16  40  55  25   7  12 | 7
  13   4   3   0   4   1  15  16   0   0   0  11   0   6  12  11  10   5   9   4   0   4   2   7   2   8  13   5   6   4 | 8
   0   0   0   0   0   0   1   0   0   0   0   0   0   1   0   1   1   0   1   0   0   0   0   0   0   0   0   0   0   0 | 9

Cluster  0 <-- No class
Cluster  1 <-- No class
Cluster  2 <-- 3
Cluster  3 <-- No class
Cluster  4 <-- No class
Cluster  5 <-- No class
Cluster  6 <-- 8
Cluster  7 <-- 6
Cluster  8 <-- No class
Cluster  9 <-- No class
Cluster 10 <-- No class
Cluster 11 <-- No class
Cluster 12 <-- No class
Cluster 13 <-- No class
Cluster 14 <-- 7
Cluster 15 <-- No class
Cluster 16 <-- No class
Cluster 17 <-- No class
Cluster 18 <-- 9
Cluster 19 <-- No class
Cluster 20 <-- No class
Cluster 21 <-- No class
Cluster 22 <-- No class
Cluster 23 <-- No class
Cluster 24 <-- 4
Cluster 25 <-- No class
Cluster 26 <-- No class
Cluster 27 <-- No class
Cluster 28 <-- No class
Cluster 29 <-- 5

Incorrectly clustered instances :	4568.0	 93.2626 %

