=== Run information ===

Scheme:       weka.clusterers.EM -I 100 -N -1 -X 10 -max -1 -ll-cv 1.0E-6 -ll-iter 1.0E-6 -M 1.0E-6 -K 10 -num-slots 1 -S 100
Relation:     winequality-white-weka.filters.unsupervised.attribute.NumericToNominal-Rlast-weka.filters.unsupervised.attribute.RandomSubset-N9.0-S10
Instances:    4898
Attributes:   10
              fixed acidity
              volatile acidity
              citric acid
              residual sugar
              chlorides
              free sulfur dioxide
              total sulfur dioxide
              pH
              sulphates
Ignored:
              quality
Test mode:    Classes to clusters evaluation on training data

=== Clustering model (full training set) ===


EM
==

Number of clusters selected by cross validation: 18
Number of iterations performed: 100


                        Cluster
Attribute                     0        1        2        3        4        5        6        7        8        9       10       11       12       13       14       15       16       17
                         (0.09)   (0.04)   (0.05)   (0.11)   (0.06)   (0.13)   (0.02)   (0.05)   (0.09)   (0.06)   (0.08)   (0.03)   (0.03)   (0.05)   (0.03)   (0.02)   (0.03)   (0.02)
=========================================================================================================================================================================================
fixed acidity
  mean                     6.627   6.6143   6.3601   7.3462   7.2169   6.5908   6.1492   6.7887   7.3768    7.072   6.8303   6.7581   5.5004   6.1524   6.5671   7.2757   7.8002   8.1637
  std. dev.               0.6119   0.4728    0.421   0.9519   0.6207   0.6853   0.7434   0.5047   0.7471   0.6509   0.6559   0.5622   0.4871   0.4727    0.335   0.2168   1.0269   1.3722

volatile acidity
  mean                    0.2965   0.4443   0.2467   0.2547   0.2963   0.2145   0.2902   0.3162   0.3008   0.2153   0.2403    0.321    0.399   0.2786   0.2767    0.207   0.2895   0.4349
  std. dev.               0.0842   0.1312   0.0396    0.067   0.0622   0.0549     0.08   0.0971   0.0891   0.0442    0.075   0.1163   0.1587   0.0759   0.0297   0.0381      0.1   0.2086

citric acid
  mean                    0.3162   0.2002   0.2667   0.3703   0.4181   0.3207   0.3391   0.2951   0.3999   0.3715   0.2965   0.4142   0.1932   0.2705   0.3566   0.3154   0.3519   0.5316
  std. dev.                0.069   0.1086   0.0505    0.118   0.1473   0.0545   0.1766    0.069   0.1313   0.0687   0.0374   0.1866   0.1274   0.0454   0.1222   0.0418   0.0812   0.2724

residual sugar
  mean                     4.054   4.3575  14.3079   1.4737  12.7002   1.4973   4.6644   8.3789   9.1668   9.1478   7.3642   5.4384   4.1059   4.5462   7.7377  14.1063   5.4494   12.302
  std. dev.               1.8231   2.9019   3.2019   0.3441   3.2224   0.3702   2.9163    4.111   4.1878   4.8614   3.0965   4.1714   3.1648   1.9556   0.5304   1.0398   4.1185   9.3634

chlorides
  mean                    0.0343   0.0475   0.0489   0.0454   0.0459    0.038   0.0509   0.0483   0.0433   0.0459     0.04   0.1336    0.035   0.0393   0.0473   0.0557   0.0344   0.0482
  std. dev.               0.0076   0.0119   0.0106   0.0114   0.0075   0.0079    0.017   0.0083   0.0097   0.0069   0.0102   0.0545   0.0085   0.0075   0.0047    0.007   0.0082    0.013

free sulfur dioxide
  mean                   25.4898  21.8522  40.2464   27.082  55.1934  29.6472  43.1554  51.5668   34.845  50.2542  29.4671  37.9909  22.4808  42.0979  53.2252  38.9702  13.4894  35.5911
  std. dev.               8.6812   9.2702  11.8671   12.157  11.0134   12.286  16.2196  28.5759  11.2584  14.3852   8.2409  18.4349  10.9524   9.5711   7.5745  10.9012   6.6378  12.9376

total sulfur dioxide
  mean                  104.3253 117.0097 144.0274 127.8734 191.0253 111.1007 178.5659 198.3116 145.3549 158.9595 111.5094 144.4502  102.677 145.5217 195.7523 177.7688  76.0423  182.862
  std. dev.              17.5409  29.7573  22.3493  32.8084  27.3035  28.7255  22.9971  36.7515   21.531  22.1415  15.6407  40.2946  30.4993   17.704   16.462  26.2915  27.0374  53.0623

pH
  mean                    3.2018   3.1726   3.2073   3.1554   3.0907   3.2692   3.4216   3.2417   3.1157   3.2164   3.1617   3.0879   3.3843   3.2865   3.1741   3.0098   3.0399   3.0804
  std. dev.               0.1268   0.1015   0.1255   0.1258   0.0744   0.1605    0.171   0.1231    0.103   0.1405   0.1361    0.108   0.1113   0.1197   0.0443   0.0829   0.1064   0.1503

sulphates
  mean                    0.5238   0.4395   0.4501   0.4647   0.5134   0.5375   0.5868   0.5263   0.4419    0.587   0.4199   0.4676   0.4887   0.4604   0.4655   0.4557   0.4078   0.5965
  std. dev.               0.1222   0.0885   0.0617   0.0787   0.0751   0.1305   0.1182   0.0856   0.0807   0.1624   0.0753   0.0816   0.1407   0.0868   0.0453   0.0465   0.0807   0.1648



Time taken to build model (full training data) : 1124.94 seconds

=== Model and evaluation on training set ===

Clustered Instances

 0       438 (  9%)
 1       168 (  3%)
 2       261 (  5%)
 3       554 ( 11%)
 4       321 (  7%)
 5       720 ( 15%)
 6        94 (  2%)
 7       234 (  5%)
 8       425 (  9%)
 9       298 (  6%)
10       356 (  7%)
11       149 (  3%)
12       139 (  3%)
13       232 (  5%)
14       169 (  3%)
15       118 (  2%)
16       156 (  3%)
17        66 (  1%)


Log likelihood: -6.30394


Class attribute: quality
Classes to Clusters:

   0   1   2   3   4   5   6   7   8   9  10  11  12  13  14  15  16  17  <-- assigned to cluster
   0   1   1   1   0   1   1   4   0   1   0   1   1   0   0   0   5   3 | 3
   9  34   3  31   6   4   7   8   6   5   2   6  12   1   3   2  17   7 | 4
  41  81 114 215 153 115  37  97 155  55  59  77  29  33 115   5  53  23 | 5
 173  40 128 232 141 366  31 113 198 173 201  59  49 114  51  42  54  33 | 6
 181  10  13  67  21 199  15  10  49  54  76   4  31  75   0  55  20   0 | 7
  33   2   2   7   0  34   3   2  16  10  18   2  17   8   0  14   7   0 | 8
   1   0   0   1   0   1   0   0   1   0   0   0   0   1   0   0   0   0 | 9

Cluster  0 <-- 7
Cluster  1 <-- 4
Cluster  2 <-- No class
Cluster  3 <-- 5
Cluster  4 <-- No class
Cluster  5 <-- 6
Cluster  6 <-- No class
Cluster  7 <-- No class
Cluster  8 <-- No class
Cluster  9 <-- No class
Cluster 10 <-- 8
Cluster 11 <-- No class
Cluster 12 <-- No class
Cluster 13 <-- 9
Cluster 14 <-- No class
Cluster 15 <-- No class
Cluster 16 <-- 3
Cluster 17 <-- No class

Incorrectly clustered instances :	4078.0	 83.2585 %

