=== Run information ===

Scheme:       weka.clusterers.EM -I 100 -N -1 -X 10 -max -1 -ll-cv 1.0E-6 -ll-iter 1.0E-6 -M 1.0E-6 -K 10 -num-slots 1 -S 100
Relation:     winequality-white-weka.filters.unsupervised.attribute.NumericToNominal-Rlast-weka.filters.unsupervised.attribute.RandomSubset-N9.0-S42
Instances:    4898
Attributes:   10
              fixed acidity
              volatile acidity
              citric acid
              residual sugar
              chlorides
              total sulfur dioxide
              density
              pH
              sulphates
Ignored:
              quality
Test mode:    Classes to clusters evaluation on training data

=== Clustering model (full training set) ===


EM
==

Number of clusters selected by cross validation: 18
Number of iterations performed: 100


                        Cluster
Attribute                     0        1        2        3        4        5        6        7        8        9       10       11       12       13       14       15       16       17
                         (0.09)   (0.05)   (0.06)   (0.11)   (0.01)   (0.08)   (0.06)   (0.11)   (0.03)   (0.01)   (0.07)   (0.04)   (0.03)   (0.09)   (0.04)   (0.02)   (0.06)   (0.02)
=========================================================================================================================================================================================
fixed acidity
  mean                    6.5835   6.5463   6.9526   6.7576    8.485   7.0851   6.7563   7.2193   7.3709   7.3375   6.3972   6.7813   5.6819   6.5424   6.5845   7.2749   7.8989   6.4458
  std. dev.               0.5931   0.5142   0.6801   0.7579   1.5119   0.6285   0.8614   0.9492   0.6357   0.6111   0.5993   0.5823   0.6033   0.6343   0.3376   0.2649    0.811   0.6142

volatile acidity
  mean                    0.3107   0.2366   0.2657   0.2007   0.4414    0.327   0.2625   0.2643   0.3122    0.206   0.2622    0.324    0.403   0.2384   0.2756   0.2112   0.2934   0.4801
  std. dev.               0.0859   0.0573   0.0588   0.0491   0.2113   0.1118   0.0687    0.072   0.0644   0.0363   0.0693   0.1187   0.1516    0.066    0.034   0.0382   0.0966   0.1326

citric acid
  mean                    0.3007   0.2798   0.3527   0.3326   0.5473   0.3281   0.3739   0.3506   0.5224   0.3937   0.3168   0.4151   0.2452   0.2887   0.3599   0.3117   0.3586   0.1527
  std. dev.               0.0472   0.0482    0.124   0.0609   0.2894    0.097   0.1525   0.1245    0.145   0.0306   0.0591   0.1876   0.1535   0.0574   0.1212   0.0431   0.0846   0.0951

residual sugar
  mean                    4.3503  12.5001  16.7567   1.4481  13.1099   9.6576   5.0211   1.5369   12.419  13.6622   1.7711   5.4156   2.7636   6.7145   7.7047  13.9959   6.5798   3.7199
  std. dev.               1.7728   2.0157   1.8101   0.3293    10.76   2.0966   2.3943   0.3855   1.4214   1.4785   0.6472   4.0184   1.7219   2.2237   0.6031   0.8304   3.4266   2.2129

chlorides
  mean                    0.0341   0.0461   0.0498    0.039   0.0471   0.0479    0.048   0.0473   0.0448   0.0461   0.0333   0.1301   0.0316   0.0423   0.0472    0.056    0.034   0.0503
  std. dev.                0.007   0.0076   0.0097   0.0073    0.013   0.0094   0.0126   0.0095    0.006   0.0054    0.007   0.0556   0.0065   0.0087   0.0051   0.0071   0.0074   0.0093

total sulfur dioxide
  mean                  113.5664 141.3091 165.4152 114.1815  188.749 179.0032 161.8528 135.6743 170.0664 166.3884 100.8941 142.7375 108.3864 125.8219 191.9465  178.349 113.4452 119.7771
  std. dev.              26.1774  30.4442  35.5588  29.8719  70.9653  37.8454  36.6293  34.4809  31.7974  21.2964  24.4939  40.1563  33.0628  25.4795  21.0068  26.6809  37.9281  38.9176

density
  mean                    0.9912   0.9966   0.9993   0.9918   0.9988   0.9965   0.9944   0.9927   0.9978   0.9989   0.9898   0.9945   0.9903    0.994   0.9956   0.9982   0.9933   0.9937
  std. dev.               0.0009   0.0012   0.0009   0.0012   0.0067   0.0009   0.0015   0.0013   0.0005   0.0012   0.0008   0.0021   0.0013    0.001   0.0004   0.0004   0.0015   0.0009

pH
  mean                    3.1884   3.1911   3.1587   3.2537   3.0713   3.1926   3.2949   3.1837   3.0704   3.2926   3.1948   3.0922   3.3335   3.2265   3.1729   3.0165   3.0419   3.2187
  std. dev.               0.1242   0.1471   0.1378   0.1674   0.1459    0.119   0.1932   0.1297   0.0601   0.0885   0.1337   0.1103   0.1435   0.1353   0.0475   0.0831    0.094   0.1262

sulphates
  mean                    0.4993   0.4515   0.4953   0.5699   0.5728   0.5037   0.5856   0.4728   0.4832   0.7632   0.4273   0.4662   0.4974   0.4649   0.4671    0.456   0.3794   0.4526
  std. dev.               0.1278   0.0811   0.0863   0.1367   0.1628   0.0737   0.1309   0.0721   0.0776   0.0412   0.0721   0.0806   0.1609   0.0881   0.0483   0.0486   0.0627   0.0893



Time taken to build model (full training data) : 1108.11 seconds

=== Model and evaluation on training set ===

Clustered Instances

 0       450 (  9%)
 1       264 (  5%)
 2       295 (  6%)
 3       538 ( 11%)
 4        54 (  1%)
 5       420 (  9%)
 6       272 (  6%)
 7       557 ( 11%)
 8       157 (  3%)
 9        54 (  1%)
10       358 (  7%)
11       158 (  3%)
12       129 (  3%)
13       478 ( 10%)
14       194 (  4%)
15       126 (  3%)
16       285 (  6%)
17       109 (  2%)


Log likelihood: 2.93045


Class attribute: quality
Classes to Clusters:

   0   1   2   3   4   5   6   7   8   9  10  11  12  13  14  15  16  17  <-- assigned to cluster
   1   1   1   1   5   1   2   2   0   0   0   1   1   2   0   0   2   0 | 3
   3   1   4   5   7  11  16  29   8   0   7   6  11   9   4   2  15  25 | 4
  23  76 144  92  18 183  78 235  98  13  27  81  21 102 128  10  68  60 | 5
 171 156 128 266  24 202 140 233  45  25 172  63  37 269  62  48 134  23 | 6
 213  23  18 147   0  20  33  49   6  13 133   4  38  80   0  52  50   1 | 7
  38   7   0  27   0   2   3   9   0   3  16   3  21  16   0  14  16   0 | 8
   1   0   0   0   0   1   0   0   0   0   3   0   0   0   0   0   0   0 | 9

Cluster  0 <-- 7
Cluster  1 <-- No class
Cluster  2 <-- No class
Cluster  3 <-- 8
Cluster  4 <-- 3
Cluster  5 <-- No class
Cluster  6 <-- No class
Cluster  7 <-- 5
Cluster  8 <-- No class
Cluster  9 <-- No class
Cluster 10 <-- 9
Cluster 11 <-- No class
Cluster 12 <-- No class
Cluster 13 <-- 6
Cluster 14 <-- No class
Cluster 15 <-- No class
Cluster 16 <-- No class
Cluster 17 <-- 4

Incorrectly clustered instances :	4121.0	 84.1364 %

