=== Run information ===

Scheme:       weka.clusterers.EM -I 100 -N -1 -X 10 -max -1 -ll-cv 1.0E-6 -ll-iter 1.0E-6 -M 1.0E-6 -K 10 -num-slots 1 -S 100
Relation:     mice-weka.filters.unsupervised.attribute.Remove-R1-weka.filters.unsupervised.attribute.NominalToBinary-R78-80-weka.filters.unsupervised.attribute.RandomProjection-M-N32-R10-DSparse1
Instances:    1080
Attributes:   33
              K1
              K2
              K3
              K4
              K5
              K6
              K7
              K8
              K9
              K10
              K11
              K12
              K13
              K14
              K15
              K16
              K17
              K18
              K19
              K20
              K21
              K22
              K23
              K24
              K25
              K26
              K27
              K28
              K29
              K30
              K31
              K32
Ignored:
              class
Test mode:    Classes to clusters evaluation on training data

=== Clustering model (full training set) ===


EM
==

Number of clusters selected by cross validation: 24
Number of iterations performed: 21


            Cluster
Attribute         0       1       2       3       4       5       6       7       8       9      10      11      12      13      14      15      16      17      18      19      20      21      22      23
             (0.03)  (0.04)  (0.03)  (0.04)  (0.05)  (0.04)  (0.04)  (0.05)  (0.01)  (0.04)  (0.04)  (0.04)  (0.01)  (0.05)  (0.07)  (0.04)  (0.05)  (0.06)  (0.06)  (0.04)  (0.02)  (0.05)  (0.04)  (0.06)
============================================================================================================================================================================================================
K1
  mean        8.6771  6.2513  4.8624  4.8541  5.8894  8.5089  7.5882  5.7648   6.062  5.8796  8.4032  6.9247  7.5577  7.7275  6.0608  7.0448  6.6963  5.4944  5.8919  7.4026  4.7898  6.3773  7.5881   4.713
  std. dev.   0.6075  0.2792  0.7109  0.3202  0.7881  0.4684    0.46  0.5583  0.2353  1.2014    0.71  0.8014  1.5203  0.6589   0.565  0.3993  0.8459  0.6032  0.7271  0.4133  2.0419  0.5722  0.6176  0.6666

K2
  mean      -11.4765 -9.7096  -7.842-10.0853-12.4537-12.3841 -9.3947 -7.3809 -9.5005 -7.7213 -9.9936 -8.3084 -9.5693 -9.6318-10.4461-12.3349-12.0475 -8.3164  -8.523 -9.2054 -5.7542-10.0146 -8.3408 -6.8552
  std. dev.   1.4637  0.6323  1.0943  1.2302  1.8467   0.962  0.9446  1.1653  1.6331  1.1283  1.1797  1.0635  1.6584  1.4936  1.2688  1.1874  1.5481  0.9049  0.9268  1.2844  1.5937  0.9952  1.1601  0.8401

K3
  mean        7.2016  4.8013  3.6501  3.1544  6.0894  5.3444  4.4255  4.4836  4.6977  4.0725  4.8394  5.2237 12.9154  6.3806  2.4766  5.1281  6.3236  1.9736  4.3303  5.1694   4.377  6.9693  5.1448  2.5925
  std. dev.    0.917  1.6046  1.4436  1.1193  1.8357  0.5994  0.6108  1.4563  0.6333  0.7387  0.7372  0.7035  1.7424  0.7369  0.5881   0.637  1.6419  0.4821  1.1302  0.8889  1.6311  1.1094  0.5743  1.0517

K4
  mean        -9.104 -8.6019  -6.572 -5.9212 -7.7716 -9.2383  -7.889 -5.2074 -3.7818 -7.3125 -9.0719 -7.2543-11.5108   -8.35 -8.1052 -9.1429 -7.1401 -7.0338 -6.5058  -7.439 -4.6098 -6.5931 -5.9764 -5.4132
  std. dev.   0.7277  1.5771  0.9401  0.9186  1.0713  0.6778  0.9739  0.9559  0.2947  0.7354  0.9713  0.9214  1.2992  0.7839   0.584  0.5348  0.5137  0.4884   0.893   0.806  1.3575  0.5265  0.7275  0.7944

K5
  mean       -7.2154 -5.0786 -7.6868 -7.3351 -9.8468 -7.8239 -7.7416 -7.0841 -5.0165 -3.2523 -6.5786 -3.4545-16.6089 -4.9756 -6.6107 -4.9407 -9.4091 -6.5962  -8.727 -9.2579 -2.7137 -8.1363 -8.7712 -6.1621
  std. dev.   1.5066  1.6695  1.4578  1.0387  1.3857    0.67  0.7119  0.8794  0.3282  1.6912  1.2151  0.7603  1.7562  1.0969  0.6546  0.8509  1.7164  0.6705  1.2956  1.0797  0.8987  0.9848  1.6308  0.8445

K6
  mean       -1.8514 -0.8903 -0.7548 -0.5594 -1.0251 -0.7096  0.3738  1.8134 -3.3563 -0.6209 -0.1519 -0.7681  -2.262 -0.6843 -1.7529 -1.6278 -1.9647 -1.5996  -2.942 -0.1614  1.0505  0.2419 -1.5707 -1.2625
  std. dev.   1.5111  1.6407  0.9019  1.1424  1.0796  0.6755  0.6221  1.4228  0.6822  0.6559  1.2329  1.0546  1.4766  1.0556  0.9945  0.6937  1.5204  0.9464  1.0409  0.7527  2.0216  1.0544  1.1508  1.2313

K7
  mean       13.5726  6.5753  4.8796  7.6076  6.6816 10.7886 10.0617  4.7878 12.2324  5.6669  7.5494  7.8666  7.8943 10.5914 10.6211  7.9744  9.1529  8.8813  8.6572  7.5769  4.8131  6.1324  11.514  6.8394
  std. dev.   1.3835  1.8388  1.2559   1.149  1.0518   1.603  1.2001  0.8793  0.4372  1.1038   1.464  0.9779  0.7206  1.4194   1.079  1.0589  1.4721  0.7047  1.2329  0.4958  2.0796  0.8592  1.8545  0.8412

K8
  mean       12.9162 10.5964  10.865 12.1832 15.2219 12.8912 10.6744  9.3846 11.3773  9.3531 10.6862  7.9324  16.181  10.261 10.8761  12.033 13.3533  9.3196  10.521 11.2006  6.1332 10.9026 10.2655  9.0006
  std. dev.   1.1601  1.4003  1.3749  1.3358    2.02  1.2369  0.9868  1.2644  1.1952  0.6793  1.0903  0.9169  2.1483  1.0307  1.0511  1.0581  1.2831  0.8191  0.9947  1.3055  1.5314  1.3616  1.0809  0.8399

K9
  mean         1.048  0.1085  1.8756  0.6468  1.8251 -2.1534 -0.4531  1.8308  4.5895  0.0127 -0.6628   1.398  9.9434  0.7704 -1.5764 -1.7486  2.9392  0.0217  3.2688  3.6779   1.331   2.457  4.5991  1.8853
  std. dev.   1.3799  1.5256  1.0097  0.6544  1.0227  0.6448  0.9618  1.0818  0.2528  0.7531  1.0023  0.8644  1.2505   0.768  1.0345  0.7939  0.6416   0.936  0.9828  0.4609  1.0025  1.0249  1.0343  1.2378

K10
  mean       -6.5974 -3.0431 -2.7473 -2.3138 -2.1348 -4.7998 -6.0821 -6.4768 -3.0544 -2.9627 -4.2571 -6.5924-12.9192 -6.6935 -4.3589 -2.3579 -6.0839 -4.3213 -6.1611  -7.238 -6.6468 -6.6439 -9.9529 -4.6073
  std. dev.   1.9807  0.8272  0.5937  1.2844  1.6617   1.113  0.8649  0.9563  0.7133  1.0522  0.9345  0.5893   1.296  1.1929    0.84  0.7077  1.7126  0.5363  1.4006  0.7607  0.4042   1.126  2.3926  1.2122

K11
  mean         8.341  6.3165  5.0578  5.4005  6.6341  8.8466  8.1029  6.5938   5.388   5.283   7.169  6.2683  6.8819   7.359  6.8077  6.6252  6.8385  5.7305  5.3089  7.6268  5.3265  7.2211  6.5858  4.6362
  std. dev.   0.4178  1.4642  0.6995  0.7155  1.0861  0.7933  0.9122  0.6598  0.8284  0.8505  0.5986  0.9444  1.7223  0.7752  0.7502   0.407  0.9881  0.7697  0.6855  0.6984  1.0358  0.5964  0.5567  0.6875

K12
  mean       11.3466  9.1403  7.0936  8.0384  9.2619 10.2227  9.1463   6.395 10.4783  7.9618 10.1201  9.1605  8.2554  9.9131  9.5505 10.1834 11.6365  8.9743 10.3675  8.2864  7.0026  8.4752 11.6681  8.1471
  std. dev.   0.8221  0.7379  1.0481  1.2017  1.0787  0.7545  0.6146  1.0646  0.5461  0.6179   0.696  0.7053  0.5314  0.4823  0.7404  0.8773   1.052  1.0147  1.2406  0.5355  1.4108  1.2859  1.0567  1.2128

K13
  mean      -11.4032 -7.5607 -6.4202 -7.2145 -5.6514 -9.3237-10.0759 -6.3294 -9.7412 -7.6667 -8.6206 -6.0827-12.3713 -8.5227-10.1064 -7.4128 -6.9193 -9.0642 -7.7518 -7.5995 -3.4969 -5.4507-11.6259 -7.0159
  std. dev.   1.5617  0.8286  0.8996  1.5624  1.6663  1.2831  0.8509  0.8244  0.9843  1.0461  0.8547  1.2124  0.8822  2.0415  1.3977  0.5534  2.0459  0.8469  1.5837  0.7153  2.9816  1.1649  2.1312  1.3052

K14
  mean       -2.9971 -3.9813 -9.0186 -7.6317-12.1809 -3.9364  -2.408   -6.08  -3.139 -4.1628 -4.7688 -2.9377 -9.8872 -2.9461 -1.3707 -5.1011 -8.1726 -2.0567 -6.1724 -6.7452 -3.1605 -7.7026 -2.3989 -5.2828
  std. dev.   1.0452  0.9414  0.9833  1.6534  1.9858  2.2813  1.3027  1.3506  0.5659  1.4621  1.3133  0.9776  1.5993  1.6034  1.1515  1.1503  1.4786  0.8131  1.1115  1.0569  1.5223  1.3059  0.7871  1.6167

K15
  mean       -10.854 -5.3012 -2.9324 -4.2309 -3.8765 -8.1718 -6.6267  -2.112-10.4304 -3.9645 -4.3242   -4.68 -8.7143  -7.432 -7.4703 -6.8251 -5.3439 -5.6493 -5.4257 -3.4424 -2.9221 -3.9213 -8.0245 -4.1007
  std. dev.    1.966   1.057  1.2115  2.0509  1.5757   1.424  0.9995   0.985  0.5431  1.4866  1.1572  0.8442  0.5501  1.6217  1.4195  0.9827  2.2799  1.0276  1.4531  0.5145   1.452  0.7548  1.9794  1.4337

K16
  mean        3.9565  3.9006  5.9862  4.5488  7.6568  3.2149  2.9025   3.905  2.0907  3.4956  3.9665  1.1458 15.6257   2.795  2.3263  4.0422   5.695  2.0287  2.8408  5.5481 -0.4063  5.1841  3.2387  2.4804
  std. dev.   1.4695  1.5692  1.3139  0.6715  2.3417  0.8973  1.0511  1.5606  0.7571  0.9454  0.8524  0.7575  2.7015  0.6944  0.7208  0.8217   1.305  0.8762  1.1784  1.5768  2.4679  1.6085  1.3736  1.1574

K17
  mean      -12.8367 -8.9872 -7.3683  -8.375-11.9823-12.9909 -9.3177 -6.5776 -5.4036 -6.7335 -10.641 -8.6164-12.0497 -10.867 -9.2187-11.9923-11.0472  -6.885 -7.2506 -9.4652 -5.3822 -9.7835 -7.8039 -5.4683
  std. dev.   1.4415   0.873  1.5648  1.1969   1.827  1.1487  0.9531  1.1827   0.953  0.9973  1.3258   1.129  2.1969     1.4  1.3806  1.3425  1.7151  1.2136  1.0493  1.2374  2.1062  1.2688  1.3649  0.8276

K18
  mean       18.3029 11.2817  9.3309 13.0402 12.7145 15.1573 13.0505  8.2889 15.2894  9.0017 12.2653  11.055 11.3073 14.2591 15.1483  13.711 15.0728 12.3978  12.336 10.6635  7.1098 10.6938 15.8112 10.2789
  std. dev.   1.3284  0.9828  1.4726  1.7168  1.3707  1.2837  1.0071  1.6609  1.1076  1.3576  1.5195  1.5039  1.3408   1.783   1.513  1.4694  1.1389  0.8881  1.6312  1.2248  2.2615  0.9708  1.2721  1.3152

K19
  mean       -1.0735   1.611  2.9261  3.6484  5.9273  0.1286 -0.9949 -1.2968  4.5575   0.172 -0.9189 -4.3104   0.121  -2.503  0.3768  3.2665  2.7783 -0.3743  0.1825 -0.9355 -4.9886  0.4005 -4.2119  0.3334
  std. dev.   1.0822  1.6705  0.9974  1.2174  1.7555  0.6376  0.8041  1.4477  1.0334  1.7549  1.1114  1.2695  1.2772  0.9187  0.7284  0.7014    1.76  1.0944  1.4161  1.0203  1.7259  1.3436  1.2508  1.0828

K20
  mean      -21.9193-20.4163 -18.946-20.4591-25.9358-21.6129-17.9595-13.9513-16.4846-15.9947-18.4926-13.6273-31.5833-17.7647-19.9234-23.5687-23.0077-17.0244-18.3608-18.7035 -9.1502-17.8599-16.2683 -15.505
  std. dev.   1.9369  1.7608  2.5075  1.7611  2.9667  1.5625   1.562  1.9515  1.2218   1.968  1.7001  1.3461  3.6775  1.4754   1.378   1.525  2.2709  1.2313  1.6261  2.3856  3.8496    1.99  2.0944  1.3999

K21
  mean       10.0913  5.1322  4.9924  7.9915  5.8017  7.8355  8.2744  6.1628 12.8647  4.8304  5.2669  5.6668  7.2867  7.4786  8.9078  5.3197  8.4174  7.5834  8.5195  6.3893  4.5837  5.9821 11.6678  6.9545
  std. dev.    0.832  0.7252  0.7111  1.1638   0.848  1.4731  0.6149  0.8371  0.7369  0.7101  0.7208  0.6861  1.6522  1.2025   0.945  0.6511  1.2102  0.5068  1.1391  0.4055  0.8348  0.4738  1.1333  0.8811

K22
  mean        8.6691  8.6729  6.6864  8.3146   8.355  9.5531  8.0896  6.2826  4.4375  7.4261  8.6818  6.9673  4.5139  7.8152  8.8254  9.9836   8.302  7.6292  6.6991   6.953  5.2135       7  6.3214  6.2295
  std. dev.    0.959  0.6188  0.8528  0.5892  0.7961  0.6257  0.7731  0.9233  0.7095  0.8646  0.7909  0.7974  0.5781  0.9111  0.6326  0.7417  0.7527  0.6322  0.6258  0.6259  0.7641  0.4164  0.8549  0.8476

K23
  mean       18.9378 12.9914 11.8729 13.1895 14.5825 17.1808 15.1331 12.2528 11.9206 12.2359 15.6952      16 12.8006 17.2489 14.0819 14.7275 16.8459 12.5175 15.0118 15.5214 12.5449 14.4801  17.038 12.1992
  std. dev.   0.8894   0.629   1.582   1.014  1.3078  0.7788  0.8264  1.4248  0.3668  1.6062  1.4754  1.1169  0.8811  0.9523  0.8402  0.9154  0.9936  0.7973  0.8274  0.6956  1.9443  1.4831  0.9598  1.3369

K24
  mean        2.6609  0.5058 -1.0574  0.7499  1.3906  4.2561  2.1283  1.7419  0.8198 -0.0675  2.9565  3.2839 -2.8359  2.7764  0.4738  1.8287  1.8301  0.1684  1.0606  1.9123  3.2132   3.006  1.3268 -0.1817
  std. dev.    1.307  1.6382  0.9269  0.8257  1.7817  0.8191  1.0871  0.7138  1.2355  0.9818  1.5103  1.1155  0.9632  1.2891  1.1091  0.8282  1.2652  0.9435  1.1256  0.6255  1.3515  0.8174  0.6531  1.0055

K25
  mean       -3.4253 -4.0214 -2.3674 -3.2773  -3.431 -4.8139 -3.8969 -2.0358  -3.435 -3.4978 -4.0076 -2.5957  1.0002 -2.8869 -4.3723 -4.6568 -2.9581 -3.4154 -1.9642 -1.5631 -2.1057  -2.822  -1.567 -1.9666
  std. dev.    0.409  0.4569  0.7956  0.3979  0.7534  0.6604  0.6055  0.7153  0.5807  0.4232  0.4688  0.4063  0.4102  0.5154  0.3965   0.413  0.5339  0.5111   0.441  0.4595  0.2009  0.6622  0.7107   0.805

K26
  mean        -1.053 -1.5257 -2.1077 -1.8339 -3.4014 -0.8477 -0.5183 -0.1863 -1.8297 -0.3516  0.2574  1.0165 -8.1121 -0.0554 -1.3594 -1.9587 -3.0267 -1.4537 -2.5509 -1.2378  0.9375  -1.321 -0.5251 -1.5159
  std. dev.   0.6633   0.666  0.5649  0.7154  0.7413  0.6544  0.5179  0.6734  0.4385   1.177  0.7919  0.6252  1.1002  0.6545  0.5432  0.6166  1.0784  0.3715   0.853  0.5977  0.2314  0.6019  0.7452  0.6084

K27
  mean      -16.7424-11.3831 -6.0408 -8.4364  -6.721-12.6256-12.6391 -6.4086-19.2423 -9.5386 -9.9662-12.1314-11.1463-14.3193-13.5459-12.2137-10.5448-11.9578-10.7796 -7.1959-10.2861 -8.6599-14.2211 -9.3166
  std. dev.   1.6329  0.8678  0.5215  1.8242  1.3642  1.5102  0.9643  0.9007  0.7394   1.816  1.2254  0.8735  1.1848  1.8066  1.2996   0.906  0.8456   0.849  0.9088  0.6413  1.0394  1.0157  0.4074  1.2676

K28
  mean        6.6372  6.7495   3.617  4.8756  5.5603  7.0814  4.8208  2.6501  6.6007  5.6008   6.292  5.1546  5.1023  5.9761  4.9676  8.3869  3.8047  3.5886  3.7655  3.4397  3.5055  4.3593  2.3755  3.0627
  std. dev.   1.3893  0.7282   1.072  1.0395  1.3306  1.0911  0.7393  0.7713  0.5698  0.7695  1.1405   0.793  1.1097  0.9775  0.7496  1.0155  1.3204   0.533  1.3365   0.505  0.9809  0.8163  0.9867  0.8433

K29
  mean        9.9158  7.8261  7.7812  8.4868  9.8185 10.1225  7.9806  6.2796  8.7403  6.8028  8.3554  6.9307  7.6867   8.462  8.8421 10.2145  9.8466   7.322  7.9035  7.6519  4.8165  7.8221   8.007  6.7886
  std. dev.   0.7627  1.4885  0.7903  0.4382  0.9689  0.8237  0.8695  0.5535  0.4347  0.7345  1.0194  0.6559  1.0392  0.8335  0.6054   0.913  0.9006  0.6494   0.571  0.7628  2.3112  0.7602  0.7109  0.5726

K30
  mean      -16.5929-13.3901-14.5047-14.1396-19.4272-15.4823-12.6909-11.4829-13.2791 -9.8763-13.0444-10.6584-29.1602 -13.574 -12.726-15.4679-18.3522-10.7702-14.9227-16.0317 -7.3028-15.7598-13.4912-11.1928
  std. dev.   1.4889  1.8038  2.1913  1.3133  2.0626  1.0171  1.2272  1.8132   1.342   1.671  1.5297  1.1987  3.1738  1.1481  1.5604  1.0045  1.7155  1.4431  1.1757  1.5458  3.4764  1.3331   1.823  1.6846

K31
  mean        7.1084  6.8391  3.9351  3.2978  3.1115  5.5228  5.7466  2.4889  8.5588  7.2511  5.8887  7.2449  7.2417  7.1753  7.6581  6.9778  5.6461  7.6405  6.2921  3.7669  6.0786  2.4684  6.7684  5.9945
  std. dev.   0.8878  0.6162  0.7307  0.8064  0.6416  0.4801  0.5488  1.2189  0.3174   0.827  0.8809  0.6931  0.8628  0.4602  0.6393  0.5076   1.216  0.9325  1.0167  0.4601  0.5871  1.0464  1.2253  0.9176

K32
  mean        7.5325  3.9833  5.2341   6.193  6.9138   9.082  7.9789  6.4891  0.0745  2.8765  6.8643  4.3601  4.6886  5.8629  6.3917  5.2211  6.8067  4.7806   5.456   8.853  2.2844  6.2974  7.0607  4.2402
  std. dev.        1  0.3943  1.3703   0.891  1.2656  0.9873   1.093  0.9434  0.5226  1.6199  1.0178   0.715  0.5065  0.7708  0.6696   0.788  1.4839  0.5967  1.2715  0.7518  1.3514  0.6143  1.1473  0.9832



Time taken to build model (full training data) : 495.18 seconds

=== Model and evaluation on training set ===

Clustered Instances

 0        37 (  3%)
 1        48 (  4%)
 2        30 (  3%)
 3        45 (  4%)
 4        54 (  5%)
 5        39 (  4%)
 6        39 (  4%)
 7        56 (  5%)
 8        15 (  1%)
 9        40 (  4%)
10        48 (  4%)
11        48 (  4%)
12        15 (  1%)
13        51 (  5%)
14        73 (  7%)
15        39 (  4%)
16        59 (  5%)
17        60 (  6%)
18        62 (  6%)
19        41 (  4%)
20        21 (  2%)
21        53 (  5%)
22        39 (  4%)
23        68 (  6%)


Log likelihood: -47.88867


Class attribute: class
Classes to Clusters:

  0  1  2  3  4  5  6  7  8  9 10 11 12 13 14 15 16 17 18 19 20 21 22 23  <-- assigned to cluster
  0  0 23 27 34  0  0  0  0  0  0  0  0  0  0  0 21  0 24  0  0  0  0 21 | c-CS-m
  1  0  0  0  0  0  1  0  0  0  0  0  0  0 73  0  0 60  0  0  0  0  0 15 | c-SC-m
  0  0  7 18 14  0  0  0  0  0  0  0 15  0  0  0 20  0 32  0  0  0  0 29 | c-CS-s
  0 48  0  0  0  0  0  0 15 33  0  0  0  0  0 39  0  0  0  0  0  0  0  0 | c-SC-s
  3  0  0  0  3  0  0 43  0  0  0  0  0  0  0  0  9  0  6 41  0  3 27  0 | t-CS-m
  0  0  0  0  0 39 38  0  0  7 48  0  0  0  0  0  0  0  0  0  0  0  0  3 | t-SC-m
  3  0  0  0  3  0  0 13  0  0  0  6  0  3  0  0  9  0  0  0  6 50 12  0 | t-CS-s
 30  0  0  0  0  0  0  0  0  0  0 42  0 48  0  0  0  0  0  0 15  0  0  0 | t-SC-s

Cluster  0 <-- No class
Cluster  1 <-- c-SC-s
Cluster  2 <-- No class
Cluster  3 <-- No class
Cluster  4 <-- c-CS-m
Cluster  5 <-- No class
Cluster  6 <-- No class
Cluster  7 <-- t-CS-m
Cluster  8 <-- No class
Cluster  9 <-- No class
Cluster 10 <-- t-SC-m
Cluster 11 <-- No class
Cluster 12 <-- No class
Cluster 13 <-- t-SC-s
Cluster 14 <-- c-SC-m
Cluster 15 <-- No class
Cluster 16 <-- No class
Cluster 17 <-- No class
Cluster 18 <-- c-CS-s
Cluster 19 <-- No class
Cluster 20 <-- No class
Cluster 21 <-- t-CS-s
Cluster 22 <-- No class
Cluster 23 <-- No class

Incorrectly clustered instances :	704.0	 65.1852 %

