=== Run information ===

Scheme:       weka.classifiers.bayes.NaiveBayes 
Relation:     mice-weka.filters.unsupervised.attribute.Remove-R1-weka.filters.unsupervised.attribute.NominalToBinary-R78-80-weka.filters.unsupervised.attribute.RandomProjection-M-N32-R10-DSparse1
Instances:    1080
Attributes:   33
              K1
              K2
              K3
              K4
              K5
              K6
              K7
              K8
              K9
              K10
              K11
              K12
              K13
              K14
              K15
              K16
              K17
              K18
              K19
              K20
              K21
              K22
              K23
              K24
              K25
              K26
              K27
              K28
              K29
              K30
              K31
              K32
              class
Test mode:    10-fold cross-validation

=== Classifier model (full training set) ===

Naive Bayes Classifier

                 Class
Attribute       c-CS-m  c-SC-m  c-CS-s  c-SC-s  t-CS-m  t-SC-m  t-CS-s  t-SC-s
                (0.14)  (0.14)  (0.13)  (0.13)  (0.13)  (0.13)   (0.1)  (0.13)
===============================================================================
K1
  mean           5.3831   5.697   5.592  6.2496  7.0249    8.15  6.4569   7.433
  std. dev.      0.6177  0.7709  1.2504  0.7373  1.0211  0.7159    0.72  1.5755
  weight sum        150     150     135     135     135     135     105     135
  precision      0.0117  0.0117  0.0117  0.0117  0.0117  0.0117  0.0117  0.0117

K2
  mean          -9.8879 -9.2201 -9.4031-10.0428 -8.5383-10.2359 -9.8443 -9.0746
  std. dev.      2.4087  1.7296  2.3005  1.8901  1.7902   1.938  1.9998   2.183
  weight sum        150     150     135     135     135     135     105     135
  precision       0.014   0.014   0.014   0.014   0.014   0.014   0.014   0.014

K3
  mean           3.6667  2.2533   5.895  4.6655  4.8723  4.8433  6.8599  5.8644
  std. dev.      1.5561  0.7155  3.0463  1.1856  1.2081  0.7207  1.3971   1.379
  weight sum        150     150     135     135     135     135     105     135
  precision      0.0144  0.0144  0.0144  0.0144  0.0144  0.0144  0.0144  0.0144

K4
  mean          -6.4224 -7.5246 -7.1684 -7.8516 -6.3716 -8.6596 -6.2873 -7.8791
  std. dev.       1.127  0.9745  2.0156  1.9302   1.402  1.0222  0.7715  1.6032
  weight sum        150     150     135     135     135     135     105     135
  precision      0.0139  0.0139  0.0139  0.0139  0.0139  0.0139  0.0139  0.0139

K5
  mean           -8.849 -6.5412 -8.3689 -4.5159 -8.8361 -7.1532 -7.3536 -4.5633
  std. dev.      1.7093  0.7984  3.3212  1.6485  1.5867  1.1941  1.5207  1.8459
  weight sum        150     150     135     135     135     135     105     135
  precision      0.0178  0.0178  0.0178  0.0178  0.0178  0.0178  0.0178  0.0178

K6
  mean          -1.6386 -1.5351  -1.953 -1.3211   0.018 -0.1407  0.1833 -0.7796
  std. dev.      1.2349  1.0521  1.5175   1.387  1.9119  1.0146  0.9439   1.692
  weight sum        150     150     135     135     135     135     105     135
  precision       0.012   0.012   0.012   0.012   0.012   0.012   0.012   0.012

K7
  mean           7.2519  9.5742   7.703  7.4428  8.1265   9.061  6.4765  9.9136
  std. dev.      1.8715  1.5268  1.4236  2.2957  3.0546  2.2367  1.6094  3.1072
  weight sum        150     150     135     135     135     135     105     135
  precision      0.0168  0.0168  0.0168  0.0168  0.0168  0.0168  0.0168  0.0168

K8
  mean          11.9678  10.076 12.3088 10.7634 10.6706 11.2428 10.6189  9.4822
  std. dev.      2.4895    1.31  2.8098  1.5451  1.8646  1.4935  1.7766   2.503
  weight sum        150     150     135     135     135     135     105     135
  precision      0.0188  0.0188  0.0188  0.0188  0.0188  0.0188  0.0188  0.0188

K9
  mean           2.2001 -0.7309  3.0468  0.0389  3.2789 -1.0011  2.5395   0.903
  std. dev.      1.2906  1.3266  2.6876  2.0981  1.4408  1.0957  0.9412  0.8985
  weight sum        150     150     135     135     135     135     105     135
  precision      0.0156  0.0156  0.0156  0.0156  0.0156  0.0156  0.0156  0.0156

K10
  mean          -3.7348 -4.2773 -5.2254 -2.7581 -7.4561 -4.9823 -7.1973 -6.5631
  std. dev.      2.3557   0.718  3.2262  0.8627  1.8419  1.2205  1.7436  1.1676
  weight sum        150     150     135     135     135     135     105     135
  precision      0.0137  0.0137  0.0137  0.0137  0.0137  0.0137  0.0137  0.0137

K11
  mean           5.5348  6.2454  5.5198  5.9758  7.0491  7.8537  7.3197   6.841
  std. dev.      0.9714  1.0447  1.2086  1.1882  0.8497  1.0246  0.9096  1.2664
  weight sum        150     150     135     135     135     135     105     135
  precision      0.0097  0.0097  0.0097  0.0097  0.0097  0.0097  0.0097  0.0097

K12
  mean           8.9926  9.0868  9.3886  9.2856  8.7645  9.7132  9.0611  9.6869
  std. dev.      1.7191  1.1385  1.8056  1.1917  2.5004  0.9507   1.626  1.5419
  weight sum        150     150     135     135     135     135     105     135
  precision      0.0096  0.0096  0.0096  0.0096  0.0096  0.0096  0.0096  0.0096

K13
  mean          -6.8008 -9.5197 -7.5121 -7.7594 -8.5272  -9.222 -5.5549 -7.9524
  std. dev.      1.6291  1.3187  2.2318  1.1119  2.5265  1.1599  1.7633  3.1849
  weight sum        150     150     135     135     135     135     105     135
  precision      0.0176  0.0176  0.0176  0.0176  0.0176  0.0176  0.0176  0.0176

K14
  mean           -8.567 -1.8361 -7.7576 -4.1274 -5.5683 -3.9412 -6.8061 -2.7515
  std. dev.      2.8556  1.1583  2.2008  1.1944   2.196  1.9698  2.3897   1.232
  weight sum        150     150     135     135     135     135     105     135
  precision      0.0188  0.0188  0.0188  0.0188  0.0188  0.0188  0.0188  0.0188

K15
  mean          -3.8198 -6.4416  -5.696  -6.126 -4.4083 -5.9395 -4.1575 -6.9189
  std. dev.      1.6598  1.7055  2.1474  1.9802  2.9814   2.249  1.2062  3.1796
  weight sum        150     150     135     135     135     135     105     135
  precision      0.0143  0.0143  0.0143  0.0143  0.0143  0.0143  0.0143  0.0143

K16
  mean           5.0759  2.2909  5.3958  3.5613   4.636  3.4623  4.3798  1.9689
  std. dev.      2.1658  0.9541  4.3947  1.2769   2.006  1.0195  1.9079  1.8749
  weight sum        150     150     135     135     135     135     105     135
  precision      0.0234  0.0234  0.0234  0.0234  0.0234  0.0234  0.0234  0.0234

K17
  mean          -8.4425  -7.915 -8.7108 -8.8584 -8.5213-10.7186 -9.2275-10.0829
  std. dev.       2.598  1.8926  2.7115  2.5688  2.3197  2.0227  2.2137  2.7371
  weight sum        150     150     135     135     135     135     105     135
  precision      0.0164  0.0164  0.0164  0.0164  0.0164  0.0164  0.0164  0.0164

K18
  mean          12.1187 13.5439 12.3668 11.9656 11.6114 13.0118 11.2426 13.4387
  std. dev.       2.115  2.2073  2.4532  2.3021  3.3579  2.2373  2.7027  3.8558
  weight sum        150     150     135     135     135     135     105     135
  precision      0.0171  0.0171  0.0171  0.0171  0.0171  0.0171  0.0171  0.0171

K19
  mean            2.895  0.0759  2.1078  2.1768 -1.4679 -0.6867 -0.8873 -2.9162
  std. dev.      2.7784  0.9784  2.1856  1.8746  1.9746  1.0352  2.9028  1.7925
  weight sum        150     150     135     135     135     135     105     135
  precision      0.0174  0.0174  0.0174  0.0174  0.0174  0.0174  0.0174  0.0174

K20
  mean          -20.737-18.3798-21.4807-19.9268-17.1351-18.8861-16.9109-16.3455
  std. dev.       4.117  2.1745  5.3917  3.2927  3.6878  2.5262  2.9684  4.6278
  weight sum        150     150     135     135     135     135     105     135
  precision      0.0348  0.0348  0.0348  0.0348  0.0348  0.0348  0.0348  0.0348

K21
  mean           7.2331  8.1483  7.4198  6.0177  7.9997  6.8249  6.5154  7.0647
  std. dev.      1.9007  1.1287  1.2421   2.518  2.4816  1.7591  1.6239  2.0932
  weight sum        150     150     135     135     135     135     105     135
  precision      0.0103  0.0103  0.0103  0.0103  0.0103  0.0103  0.0103  0.0103

K22
  mean           7.5086  8.0681  7.0285  8.3263  6.7053  8.5852  6.8929  7.5554
  std. dev.      1.2132  1.0973  1.4241  1.7713  1.0213  1.1229  1.0473  1.2056
  weight sum        150     150     135     135     135     135     105     135
  precision      0.0079  0.0079  0.0079  0.0079  0.0079  0.0079  0.0079  0.0079

K23
  mean           13.835 13.0866  14.098 13.0479 14.9923 15.8594 15.2132 16.6404
  std. dev.      1.6435  1.4638  1.7791   1.454  2.3179  1.4533  2.2191  2.2627
  weight sum        150     150     135     135     135     135     105     135
  precision      0.0115  0.0115  0.0115  0.0115  0.0115  0.0115  0.0115  0.0115

K24
  mean           0.4857  0.2066  0.3757  0.7943  1.6799  2.9267  2.8681  2.9991
  std. dev.      1.1927  1.1379  1.8545  1.4469  0.7289  1.5523  1.0733  1.2744
  weight sum        150     150     135     135     135     135     105     135
  precision       0.013   0.013   0.013   0.013   0.013   0.013   0.013   0.013

K25
  mean          -2.6944 -3.8237 -2.0825 -4.0245 -1.7455  -4.137 -2.8313 -2.8117
  std. dev.      0.9965  0.7422  1.3369  0.6436  0.6798  0.7548  0.6456  0.5591
  weight sum        150     150     135     135     135     135     105     135
  precision      0.0067  0.0067  0.0067  0.0067  0.0067  0.0067  0.0067  0.0067

K26
  mean           -2.591 -1.4136 -3.0858 -1.4543 -0.8565 -0.2655   -0.87  0.1592
  std. dev.      1.0444   0.474  2.0593  0.9447  0.8327  0.8298  1.1753  1.0332
  weight sum        150     150     135     135     135     135     105     135
  precision      0.0112  0.0112  0.0112  0.0112  0.0112  0.0112  0.0112  0.0112

K27
  mean          -7.7477-12.5666-10.1622-12.2111 -8.8121-11.3198 -9.6207-14.0788
  std. dev.      2.0013   1.594   1.473  2.7549  3.1838   2.098  2.3243  2.4284
  weight sum        150     150     135     135     135     135     105     135
  precision      0.0146  0.0146  0.0146  0.0146  0.0146  0.0146  0.0146  0.0146

K28
  mean           3.5715  4.2038  5.0186  6.9627  2.7995  5.9818  4.0599  5.7747
  std. dev.      1.1809  1.0561  1.3902  1.2731  0.9339  1.3765   0.871  1.3852
  weight sum        150     150     135     135     135     135     105     135
  precision      0.0097  0.0097  0.0097  0.0097  0.0097  0.0097  0.0097  0.0097

K29
  mean           8.4477  7.9923  8.2906  8.3588  7.6118  8.6565  7.8531  7.8098
  std. dev.      1.1789  1.1142  1.3914  1.7126  1.3677  1.3415  1.2622  1.9702
  weight sum        150     150     135     135     135     135     105     135
  precision      0.0124  0.0124  0.0124  0.0124  0.0124  0.0124  0.0124  0.0124

K30
  mean         -15.6637-11.6781-16.7688 -13.085-14.3533-13.4189-14.7786-12.3789
  std. dev.      3.1143  2.0111  5.3089  2.6143  2.9804  1.8711  2.7761  3.5073
  weight sum        150     150     135     135     135     135     105     135
  precision      0.0316  0.0316  0.0316  0.0316  0.0316  0.0316  0.0316  0.0316

K31
  mean           4.7301  7.5764  5.3718  7.1688  4.1111  5.7856  3.6175  7.1914
  std. dev.       1.829  0.8357  1.3918  0.8251  1.8964  0.7432  1.8922   0.657
  weight sum        150     150     135     135     135     135     105     135
  precision      0.0077  0.0077  0.0077  0.0077  0.0077  0.0077  0.0077  0.0077

K32
  mean           6.3353  5.4967  4.7143  3.4725   8.017  7.7626  5.7534  5.3686
  std. dev.      0.9846  1.1416   1.154  1.7521  1.1488  1.4315  1.2346  1.7573
  weight sum        150     150     135     135     135     135     105     135
  precision      0.0114  0.0114  0.0114  0.0114  0.0114  0.0114  0.0114  0.0114



Time taken to build model: 0.03 seconds

=== Stratified cross-validation ===
=== Summary ===

Correctly Classified Instances         952               88.1481 %
Incorrectly Classified Instances       128               11.8519 %
Kappa statistic                          0.8643
Mean absolute error                      0.0312
Root mean squared error                  0.1541
Relative absolute error                 14.284  %
Root relative squared error             46.6274 %
Coverage of cases (0.95 level)          94.7222 %
Mean rel. region size (0.95 level)      14.7917 %
Total Number of Instances             1080     

=== Detailed Accuracy By Class ===

                 TP Rate  FP Rate  Precision  Recall   F-Measure  MCC      ROC Area  PRC Area  Class
                 0.867    0.056    0.714      0.867    0.783      0.749    0.981     0.902     c-CS-m
                 0.927    0.002    0.986      0.927    0.955      0.949    0.995     0.990     c-SC-m
                 0.615    0.024    0.783      0.615    0.689      0.656    0.976     0.821     c-CS-s
                 0.978    0.002    0.985      0.978    0.981      0.979    0.993     0.993     c-SC-s
                 0.948    0.026    0.837      0.948    0.889      0.874    0.995     0.974     t-CS-m
                 0.926    0.013    0.912      0.926    0.919      0.907    0.995     0.976     t-SC-m
                 0.848    0.003    0.967      0.848    0.904      0.896    0.984     0.932     t-CS-s
                 0.933    0.010    0.933      0.933    0.933      0.924    0.999     0.992     t-SC-s
Weighted Avg.    0.881    0.018    0.886      0.881    0.881      0.866    0.990     0.948     

=== Confusion Matrix ===

   a   b   c   d   e   f   g   h   <-- classified as
 130   1  10   0   9   0   0   0 |   a = c-CS-m
   0 139   6   2   0   3   0   0 |   b = c-SC-m
  52   0  83   0   0   0   0   0 |   c = c-CS-s
   0   0   2 132   0   0   0   1 |   d = c-SC-s
   0   0   5   0 128   0   2   0 |   e = t-CS-m
   0   1   0   0   4 125   1   4 |   f = t-SC-m
   0   0   0   0  12   0  89   4 |   g = t-CS-s
   0   0   0   0   0   9   0 126 |   h = t-SC-s

