=== Run information ===

Scheme:       weka.clusterers.EM -I 100 -N -1 -X 10 -max -1 -ll-cv 1.0E-6 -ll-iter 1.0E-6 -M 1.0E-6 -K 10 -num-slots 1 -S 100
Relation:     mice-weka.filters.unsupervised.attribute.Remove-R1-weka.filters.unsupervised.attribute.NominalToBinary-R78-80-weka.filters.unsupervised.attribute.RandomProjection-M-N32-R20-DSparse1
Instances:    1080
Attributes:   33
              K1
              K2
              K3
              K4
              K5
              K6
              K7
              K8
              K9
              K10
              K11
              K12
              K13
              K14
              K15
              K16
              K17
              K18
              K19
              K20
              K21
              K22
              K23
              K24
              K25
              K26
              K27
              K28
              K29
              K30
              K31
              K32
Ignored:
              class
Test mode:    Classes to clusters evaluation on training data

=== Clustering model (full training set) ===


EM
==

Number of clusters selected by cross validation: 24
Number of iterations performed: 42


            Cluster
Attribute         0       1       2       3       4       5       6       7       8       9      10      11      12      13      14      15      16      17      18      19      20      21      22      23
             (0.01)  (0.05)  (0.03)  (0.06)  (0.06)  (0.04)  (0.01)  (0.03)  (0.04)  (0.06)  (0.03)  (0.01)  (0.05)  (0.04)  (0.04)  (0.04)  (0.06)  (0.05)  (0.06)  (0.06)  (0.04)  (0.04)  (0.06)  (0.02)
============================================================================================================================================================================================================
K1
  mean        9.8018 13.8516 10.6837 10.5018 12.2805 13.8777  6.3079 10.3803 12.7347 10.6288 10.7205 14.7573 13.7599  9.8513 11.0795  9.9256 10.0428 12.2243 10.6564 11.9679  12.706 10.3294 12.4685 10.4956
  std. dev.   0.3415  1.0466  0.7943  0.6981   1.161  1.6638  0.3381  0.8377  2.9903  1.2142  0.6529  1.2831  0.8556  1.1182  0.7042  0.7553  1.1714  1.1851  1.5337  0.9039  1.3694  0.6882  1.9998  0.6674

K2
  mean      -13.7947-13.1735 -9.9746-13.6921 -8.6871-16.4748-15.7008-11.2044-10.7939-15.2015 -9.5947-14.0121 -8.1659-11.7952-14.1458-11.7589 -9.2342-11.3237 -7.1542-11.2557 -13.299 -8.7579-12.6359 -10.058
  std. dev.   0.6676  1.9134  0.8047  0.8402  0.9319  0.9123  1.1332  0.9336  1.1162  1.4787  0.6557  1.6732  0.9721  0.7668  1.2036  1.0486  0.9841  0.8625  1.8564  1.1511  1.1017  0.5437  0.7349  0.7601

K3
  mean       -2.4385 -4.2233 -5.4247 -6.1129 -2.9192 -8.1927-12.8471  0.8842  0.7444 -7.7441 -3.4472  1.4873  -4.336 -4.4644   -6.39 -0.1582 -0.8855 -3.5364 -2.2617 -0.8609  -8.488 -2.0888 -5.2576 -3.8517
  std. dev.   0.4166  1.3906  1.1621  0.8441  1.0583  1.3391   0.784  0.7696  1.7742   1.305  1.0319  1.7617   0.628  0.9208  0.7638  0.7806  1.8645  1.0413   0.866  1.4198   1.707  0.8561  1.2024  0.9947

K4
  mean        -7.575 -5.7582 -4.5136 -8.0484 -4.1454  -9.005-11.4372 -3.7912 -1.9994 -8.9808 -3.3148   0.736 -4.2464 -6.9036 -8.7264 -3.9735  -2.809 -5.6308 -2.7708 -2.8316 -8.6822 -2.6187 -5.7743 -6.7158
  std. dev.   0.9502  1.3859  1.6858  0.6942  1.3035    0.53  1.4723  1.1559  1.8832  1.1323  1.0804   1.573  1.0588   0.981    0.58  1.0164  1.7028  1.2822  1.8524  1.5806  1.3734   1.021  1.8109  0.5736

K5
  mean         8.867 10.8595  9.8713  9.6642  7.9157 12.2512 12.4106  4.8064  8.9481 11.6644 10.5119  9.8007  8.6867  7.1235  8.8172  7.7869  6.2033  8.1642   5.139  7.1523 13.9875  7.9161   9.813  7.8248
  std. dev.   0.3273  1.4028   0.914  0.6886  0.9503  1.2794  0.9313  0.6622  1.1863  1.1449  1.2156  1.3921  1.2417  0.9852  0.8035  0.8909  1.4781  1.6638  2.0065  1.1243  1.6917   0.792   1.788  0.8822

K6
  mean      -10.0055-11.1896-10.1014-11.1917 -7.9575 -8.9618 -7.3102 -7.8781 -13.094-13.1697-14.0511-16.3611-10.1927 -9.1193 -9.3366-11.0161 -7.6382-11.4274 -7.5264-10.6981-12.5381-10.6982 -8.5643 -9.7932
  std. dev.   1.3267  0.8759  1.0438  0.8625  1.1266  1.1932  0.4717  1.1925  2.5582  1.3223  1.1145  2.2805  1.6427  0.9658  0.8917  1.4884   1.254  1.8527  2.0766  1.1275  1.6347  1.1898  1.5069  0.6764

K7
  mean        0.9256  5.6845  4.0952  2.0619  5.0188  4.6089  5.1457  0.5993  4.6296  2.5197  3.8405   6.449  3.8528  1.7439  2.3249   1.954  2.7002  1.6314  2.7404  3.1943  4.8034  3.3674  4.6193  2.9608
  std. dev.   0.1882  1.1327  0.2356  0.2986  0.5198  0.8727  0.3143   0.353  1.2578  0.5871  0.4951  0.7115  0.5182  0.4204   0.371  0.8295   0.712  1.0753  0.9715  0.5777  0.4857  0.3476  1.3702  0.9199

K8
  mean      -28.0253-32.0134-26.1127-26.7827-24.5037-25.4879-25.5412-21.1806-34.5368-30.2168-33.5597-34.6941-26.3798 -22.773-23.4885-31.3829-22.2797-29.9082-20.5228-27.2298-31.2854-27.3894-24.7315-29.2387
  std. dev.   2.8709  2.5875  2.5531  1.3593  3.3672  2.7413  1.9159  2.4668  4.0511  2.9604  2.2221  4.0219   3.118  1.7398  1.1462  2.7194  2.7099  3.0762   3.999  2.3935  3.4603  1.7406  2.4766  2.7414

K9
  mean         8.605 12.8142 11.5514 10.8726   9.626 11.5861  8.6497  7.0699 12.0182 11.9435 12.4811 17.5546 11.9566  9.4927  10.637 10.2199   8.704  12.103  9.3571 10.5685  13.815 10.9369  10.545 11.2315
  std. dev.   0.9479  0.9767  1.0019  0.5116  0.9604  0.9096   0.327  0.7867  1.5766     0.9  0.8816  2.0395  0.8825  0.9233  0.6493  0.9267  0.9475  1.1333   1.408  1.6387  1.0641   0.567  1.1969   0.795

K10
  mean       -4.1474 -5.7022 -8.2171 -9.1202   -4.41 -9.6494-10.8168 -2.0286 -1.9188-10.2746 -6.1333 -3.7417 -7.8416 -7.6564  -9.396 -2.1874 -2.8484 -6.9265 -5.4764 -3.4453-12.1643 -5.2707 -6.1379 -5.6158
  std. dev.    0.292  0.9019  1.3372  0.5615  0.6175  1.0363  0.3722  0.6761  1.1903  0.9541  0.5412  0.5138   0.691  0.6826  0.5773  0.4212   1.218  0.7124  0.8007  0.8851  1.1141  0.5482   1.278  1.1221

K11
  mean       -0.9936  0.1575 -4.5148 -5.2213  0.7433 -4.2273 -5.4554  0.0249  3.3356 -6.1442 -3.2556  1.5043  -4.462 -4.1363 -5.6213  2.2709  1.0556 -4.1459 -3.0776  0.5324 -5.7377 -2.5286  -0.984  2.2706
  std. dev.   0.4943  0.9522  0.8742  0.7812  0.8496  1.0397   0.551  0.4953  1.1985  1.2992  0.4926  1.5052  0.6658  0.6946  0.7232  1.0018  1.1916  1.5438  1.0897   1.033  1.0043  0.6462    0.82  1.1177

K12
  mean       -6.8208 -6.2503 -3.8277 -4.6617 -4.8596 -4.1481 -4.9733 -4.6718 -6.6624 -4.9595 -5.9381 -9.0462 -3.4515 -4.1658  -5.185 -6.6942 -4.1151 -3.5187 -3.0923  -5.362  -3.918 -5.3011 -5.0019 -9.4742
  std. dev.   0.9071   1.081  1.1803  1.0158  1.6073  1.5899  0.6456  1.2542  0.9915  0.9032  0.7573  1.2078  0.4423  0.8313  0.3865  1.0238  0.8107   0.987  0.9759  0.7307  0.9223   0.757  1.0581  0.7064

K13
  mean        0.1808  -2.138  1.0557   0.981 -3.9064  1.5553  5.8879 -1.1586 -3.6952  3.0386 -1.1384 -3.4591  0.6903  0.3729  1.9038 -2.9896 -2.8028  1.6849 -0.2444 -2.4251   3.315 -2.6827 -1.6594 -5.2278
  std. dev.    0.625  1.1848  1.2752  1.3011  1.3996  1.8846  1.3838  1.2878  1.5862  1.2229  0.8215  0.7729  0.8319  1.3421  0.6058  0.6012  1.1994  1.6846  1.2905  1.0421    1.34  0.8639  1.7023  0.8982

K14
  mean       -6.5043 -7.0552 -8.3106 -7.7316 -6.0387-10.1061 -9.1762 -4.8634 -5.1086 -8.5334 -6.5616 -7.5229 -7.5186 -6.5033 -7.4768 -4.4881 -5.2865 -5.7537 -5.1291 -5.8538-11.5686 -6.2603 -8.0232  -6.617
  std. dev.   0.5621  1.5837  1.3421  0.7705  0.7687   0.968  0.3988  0.6021  1.7888  1.1876  0.7377  1.3164   0.696  0.6189  1.0325  0.4529  1.0704  0.7739  1.6045  1.5585  1.2858  0.6491  1.7849   1.297

K15
  mean        5.0259  8.3888  4.0766  1.9068   6.169  4.6134  1.6443  2.7567 10.3267  3.5762  7.5602 15.9212  3.7783  1.1785  0.6691  7.6353  4.7967   2.029  1.6662  6.4589  5.0145  5.1902  5.2781  9.3287
  std. dev.   1.1045  1.6506  1.4945  1.3971  0.9849   1.628  0.6615  1.4143  1.9221  1.5588  1.2051  2.3993  1.4163  1.3916  1.0493  1.3214  1.7359  1.1595   1.983  1.8408  1.3065   1.017  1.8111   0.805

K16
  mean      -12.7505 -9.9112 -9.2184-13.5814 -6.0217-11.6273-10.6137 -9.8265  -8.844-15.7001-11.3106 -9.8177 -8.8374-11.1394-13.5733-10.1375  -6.526 -12.557 -6.8076 -9.2431-12.2903 -9.0914 -8.4659 -8.7565
  std. dev.   1.3604  1.7785  1.3505  0.7153  1.4271  1.5483  1.4435  1.5494  1.1915  1.2117  0.8205  1.9041  1.2264  1.2135  1.0401  1.2711  1.1872  1.9469  1.1842  0.9627  1.6121  0.8613  1.2214  1.1416

K17
  mean       -6.7775 -3.2356 -3.3536 -5.8154  -2.068 -3.5064 -2.7123 -6.6058 -4.0883 -5.7204 -5.1803 -4.3475 -3.9024 -5.1264 -6.0265 -5.6481  -3.772 -6.4379 -4.3864 -5.1656 -2.1185 -4.9938 -3.2508  -2.824
  std. dev.   0.3381  1.5239  1.3035  0.6217  0.7352  0.6272   0.694  0.6202  1.4645  0.5889  0.4873  1.1842  0.7875  0.6939  0.4582  1.1579  1.1245  1.1173  0.5923  0.9983   0.856  0.6235  1.3116  0.6145

K18
  mean         1.788  3.1588  3.0296  1.7577  3.3106  1.3591  3.4814  0.5293  3.0743  2.1651  4.1434  0.1907  3.7212  1.2354  1.6999  1.8823  1.5276  1.8998  2.0458  1.1267  3.3818  3.3068  2.6426  3.1814
  std. dev.     0.26  0.8577  0.4379   0.466  0.3889   0.302   0.317   0.361  1.0242  0.6181  0.4552  0.5551  0.3565  0.5892  0.5777  0.7468  0.9197  0.5866  1.1015  1.2285  0.4895  0.5199  0.8998  0.6872

K19
  mean       24.1652  26.173 22.0103 23.9206 20.7509 21.4024 23.2134 19.4809 28.6069 26.5106 28.9997 28.9029 22.3967 20.4563 21.3689 26.0726 19.5256 24.9643 17.6106  23.635 25.7125 24.2889 21.6408 23.3846
  std. dev.   2.0603  1.5617  2.2551  0.9499  2.1662  1.5723  1.5441  1.8647  3.1934  1.7933  1.8373  3.6542  2.3517  1.2358  1.2991  2.0382  1.8026  2.4828  3.4781  1.6625  2.4346  1.6187  1.7092  1.4075

K20
  mean       -5.9119 -7.6629 -5.0016 -6.0044 -5.3377-10.8482 -7.6402  -3.858 -4.8803 -8.2442 -3.9043 -8.8899 -5.8094 -4.3666 -6.4287  -3.898 -3.6753 -4.1046 -1.8648 -5.0254 -9.9288 -1.9423 -7.6896 -6.0103
  std. dev.   0.4779  1.4331  1.5078  0.7785   0.766  1.1396  0.4449  0.9671  1.3384  1.5533  1.0778   0.775  0.9788  0.7626  1.0069  0.8078  1.2243  0.9905  1.4162  0.8269  1.1911  0.7123    1.51  0.7794

K21
  mean      -14.9936-16.7071-15.8142-16.8219-13.0484-14.5061-11.1586-15.0705-18.8783  -18.78-18.7252-18.2814-17.9213-14.2277-14.3851 -16.211-13.4621-19.0308-14.2936-16.8112-18.6693 -15.548-13.4165-11.0817
  std. dev.   0.9796  1.7103  1.1283  0.8926  2.2003  1.0501  1.1822  0.9845  1.8908  1.9545  1.6659  2.2176  1.7595  1.0034  0.9896   1.128  1.6373  1.4739    2.46  1.1988  1.8931   1.041  1.1271  1.1208

K22
  mean        3.9195 -0.6819 -1.9943 -1.1665  0.4755 -0.4014 -2.1136  3.6316  0.6308 -1.8203 -2.9076  0.1825 -3.7143 -0.6205 -1.0712  2.3477  1.3003 -1.9917 -1.0065  0.7033 -2.9153 -1.7539   0.312  1.3031
  std. dev.   0.4008  0.5716  0.7792  0.7535  0.6462  0.6721  0.4783  0.3508  0.9902  0.6127  0.6762  0.8869  0.7214  0.5385   0.502  0.5708  1.2249  0.8107   1.297  1.2314  0.4044  0.4902  1.1894  0.7122

K23
  mean        9.4093 10.8047   6.172   5.895  9.4099  4.8033  2.4152  8.4058 14.1157  6.3676 10.1897 13.3112  6.6144  5.4125  4.2967 12.2984  8.8823  7.2839  6.3369 10.3675  5.8309  8.3852  7.5498 10.5807
  std. dev.    1.613  1.3782  1.2702  0.8715  1.2485  1.4732  0.3742  1.0991   2.214  1.6493  1.1189  1.7662  1.3733  0.9364  0.9058  1.3943  1.2908  1.7642  0.9864  1.3813  1.4048  0.9652  1.2856  1.0895

K24
  mean        3.3281  2.7982  1.7992  2.6034  1.8285  2.4605  1.5765  3.1741  4.4835  3.0839  3.3659 10.4611  2.1895  1.6815  0.9863  4.7545  3.0799   2.517  0.7051  4.3607  2.6234  2.3598  2.1409  3.8153
  std. dev.   0.3988  0.7232  0.4808   0.658    0.85  1.1629  0.5372  0.9656  1.6252  1.0497  0.5386  1.0147  0.6997  0.9623  0.7417  0.9087  1.1112  0.8292  1.0531  0.9355  0.5051  0.5472  1.4434  0.8235

K25
  mean        -3.763 -3.6986 -5.5757 -7.1688 -2.5924 -8.4298  -6.811 -3.3279 -1.6825 -7.6467 -3.9567 -8.1055 -5.6049 -5.8272 -6.4974 -1.5559 -2.4809 -4.4652 -3.4737 -4.6867  -8.726 -3.6724 -4.9907 -3.4506
  std. dev.    0.454  1.1627  1.1571  0.6533  0.7336  1.1633  0.3996  1.1596  1.5821  1.1415  0.6919  0.9359  0.6153  0.6193  0.7927  0.5719  1.0332  0.5366  0.8311  1.5171  0.9187  0.6123  1.1102  1.2182

K26
  mean       -1.9864 -8.3963 -5.9172 -3.7071 -6.1619 -5.9752 -2.1218 -2.2161 -8.1796 -4.5155 -6.7866 -8.7112 -6.6885 -3.2356  -3.256 -4.1402 -3.9917 -4.7776  -4.222 -4.3629 -7.6725 -5.3305 -5.4194 -5.1137
  std. dev.   0.5579  1.5769  0.7597  0.6715  0.9461  1.4369  0.8097  0.8696  2.5037  1.0488  1.0154  1.7467  1.1635  0.5352  0.5095  1.2919  1.4071  0.8348  1.3026  1.2414  1.0548  0.7983  1.7075   1.271

K27
  mean      -11.5079-10.9326-10.2368-12.1329 -7.4611-13.1108-11.2061 -9.0372  -9.355-14.1261-11.3881-13.4457 -9.3758-10.0685-12.5569 -9.2849 -7.4387-11.4901 -6.9285 -9.1035-13.3077 -9.1141 -9.9539 -7.9475
  std. dev.   0.6363  1.2199  0.8952  0.5641  1.0195  0.9373  1.0575  0.9428  0.8721  1.1985  0.8503  1.4834  1.3217  0.9177  0.9441  0.6942  0.8799  1.5194   1.374  0.7904  1.2694  0.6994  0.8925  0.9232

K28
  mean       -6.3453 -7.6189 -6.0334  -8.076 -4.3386-10.6409   -4.66  -3.897 -5.6023 -9.9938 -6.7356  -8.921 -5.0032 -5.5147 -6.3135 -5.4941 -4.0649 -5.6592 -1.9019 -5.6776-10.3713 -4.2733 -6.6631 -5.6881
  std. dev.   0.3412  0.9645  1.1194  0.7701  0.9197  0.8954  0.4152  0.6055  1.0665  1.0792  0.7884  1.0725  1.2801  1.0192  1.0949  0.4244  0.7631  1.7383  1.8409  0.5462  1.5782  0.7005  0.9666  0.6366

K29
  mean        1.0259  2.1485  0.2614 -0.1584   2.633 -2.1533 -1.2001  2.1575  5.3925 -1.0314   3.857  6.1354  2.9272  0.2013  -0.744   4.019  2.7022  2.3165  1.9399  3.8199 -1.5165  3.7736  0.9183  2.6472
  std. dev.   0.6553  0.9169  1.0905  0.6752  1.0285  1.1349  0.3646  0.6018  1.0666  1.1039  0.5913  1.1248  0.6095    0.77  0.6923  0.5018  0.9471  1.2715  1.3598  0.6786  1.0374     0.8  0.7024  0.5306

K30
  mean       -1.4408  -2.428 -3.0393 -2.9511   0.487 -5.1888 -4.6408  1.9807  0.0868 -5.0023 -1.8766  2.4952 -0.7848 -1.8402 -3.0327 -0.3183  0.6546 -2.9461  0.7713  1.3581 -6.3555 -0.0539 -1.8416 -0.9775
  std. dev.   0.2566  1.8639  1.5009  0.8951  1.0885  1.0183  0.8108  0.6627  1.5261  0.9028  0.9587  0.6598  1.0778  1.0424   0.807  0.9468  1.5355  1.2657  2.2685  1.3002  1.7946  1.0038  1.3069  0.8652

K31
  mean        9.3529  12.081 11.9137 11.6599 10.2396  12.635  9.2718  7.8845 10.8599 12.6748 11.8543 10.1415 11.6077 10.5423 11.0757  10.854  9.6831 12.6056  9.2924  9.7193 14.5698 10.5876 11.5889  12.848
  std. dev.   0.6224  1.0721  1.5543  0.5669  0.8037  1.1473  0.7712  0.8936  1.1765  0.7868  0.8249  1.3607  0.8087  0.9769  0.7967  1.2392  1.1063  1.6606  2.5268  0.8761  1.7232  0.7601  1.0976  1.0136

K32
  mean       -9.3137-10.2232 -6.6736 -9.6225 -7.4408-10.2409 -6.9431 -9.3011 -9.9621-10.2148 -8.0339 -14.852 -7.1609 -8.4692 -9.3995-10.5926 -8.1918 -9.6372  -6.725-10.5519 -7.4616 -7.6726 -8.6906  -9.248
  std. dev.   1.2551  1.5728  1.0491   0.661   0.898  1.0251  1.0121  1.0125  1.6338  0.7366  0.7389  1.4905  0.6547  0.7702  0.3955  0.9427  1.2534  0.6912  0.6975  1.1578  1.1777  0.6537  1.2681  0.8776



Time taken to build model (full training data) : 478.16 seconds

=== Model and evaluation on training set ===

Clustered Instances

 0        15 (  1%)
 1        53 (  5%)
 2        28 (  3%)
 3        65 (  6%)
 4        67 (  6%)
 5        38 (  4%)
 6        15 (  1%)
 7        33 (  3%)
 8        43 (  4%)
 9        70 (  6%)
10        34 (  3%)
11        15 (  1%)
12        51 (  5%)
13        44 (  4%)
14        39 (  4%)
15        42 (  4%)
16        70 (  6%)
17        55 (  5%)
18        60 (  6%)
19        62 (  6%)
20        47 (  4%)
21        46 (  4%)
22        67 (  6%)
23        21 (  2%)


Log likelihood: -49.71796


Class attribute: class
Classes to Clusters:

  0  1  2  3  4  5  6  7  8  9 10 11 12 13 14 15 16 17 18 19 20 21 22 23  <-- assigned to cluster
 15 18  0  0  0 11  0  6 12  0  0  0  0  0  0 39 23  0  0  3  0  0 23  0 | c-CS-m
  0  0  0 34  0  0  0  0  0 36  0  0  0 36 39  0  0  0  5  0  0  0  0  0 | c-SC-m
  0 20  0  0 35  0  0  0 15  0  0 15  0  0  0  0  6  0  0  0  0  0 23 21 | c-CS-s
  0  0 15  0  0  0 15  0  0  0 34  0  0  0  0  0  0  0 21  4  0 46  0  0 | c-SC-s
  0  6  0  0  0 27  0 27  3  3  0  0  0  0  0  0 18  0  0 42  0  0  9  0 | t-CS-m
  0  0  0 31  0  0  0  0  0 31  0  0  0  8  0  0  0 55 10  0  0  0  0  0 | t-SC-m
  0  9  0  0 32  0  0  0 13  0  0  0  0  0  0  3 23  0  0 13  0  0 12  0 | t-CS-s
  0  0 13  0  0  0  0  0  0  0  0  0 51  0  0  0  0  0 24  0 47  0  0  0 | t-SC-s

Cluster  0 <-- No class
Cluster  1 <-- No class
Cluster  2 <-- No class
Cluster  3 <-- No class
Cluster  4 <-- c-CS-s
Cluster  5 <-- No class
Cluster  6 <-- No class
Cluster  7 <-- No class
Cluster  8 <-- No class
Cluster  9 <-- No class
Cluster 10 <-- No class
Cluster 11 <-- No class
Cluster 12 <-- t-SC-s
Cluster 13 <-- No class
Cluster 14 <-- c-SC-m
Cluster 15 <-- c-CS-m
Cluster 16 <-- t-CS-s
Cluster 17 <-- t-SC-m
Cluster 18 <-- No class
Cluster 19 <-- t-CS-m
Cluster 20 <-- No class
Cluster 21 <-- c-SC-s
Cluster 22 <-- No class
Cluster 23 <-- No class

Incorrectly clustered instances :	750.0	 69.4444 %

