=== Run information ===

Scheme:       weka.classifiers.bayes.NaiveBayes 
Relation:     mice-weka.filters.unsupervised.attribute.Remove-R1-weka.filters.unsupervised.attribute.NominalToBinary-R78-80-weka.filters.unsupervised.attribute.RandomProjection-M-N32-R20-DSparse1
Instances:    1080
Attributes:   33
              K1
              K2
              K3
              K4
              K5
              K6
              K7
              K8
              K9
              K10
              K11
              K12
              K13
              K14
              K15
              K16
              K17
              K18
              K19
              K20
              K21
              K22
              K23
              K24
              K25
              K26
              K27
              K28
              K29
              K30
              K31
              K32
              class
Test mode:    10-fold cross-validation

=== Classifier model (full training set) ===

Naive Bayes Classifier

                 Class
Attribute       c-CS-m  c-SC-m  c-CS-s  c-SC-s  t-CS-m  t-SC-m  t-CS-s  t-SC-s
                (0.14)  (0.14)  (0.13)  (0.13)  (0.13)  (0.13)   (0.1)  (0.13)
===============================================================================
K1
  mean          11.0018 10.4462 12.0181  9.9636 12.2408 11.2511 12.7411 12.6165
  std. dev.      1.6705   1.119  2.3194  1.4893  1.7731  1.2924  2.1143   1.682
  weight sum        150     150     135     135     135     135     105     135
  precision      0.0127  0.0127  0.0127  0.0127  0.0127  0.0127  0.0127  0.0127

K2
  mean         -12.2958-13.6624-10.8572 -9.7797-12.6837-12.4582 -9.8303 -9.7025
  std. dev.      2.0096  1.8337  1.9998  2.4444  2.6317  1.9695  1.7927  3.1292
  weight sum        150     150     135     135     135     135     105     135
  precision      0.0156  0.0156  0.0156  0.0156  0.0156  0.0156  0.0156  0.0156

K3
  mean          -2.3513 -6.1406 -2.6861 -3.8679 -2.9226 -4.9329 -1.3591 -5.6958
  std. dev.      2.5373  1.7279  2.4357  3.4052  3.7839  2.0917  2.6856  2.5095
  weight sum        150     150     135     135     135     135     105     135
  precision      0.0178  0.0178  0.0178  0.0178  0.0178  0.0178  0.0178  0.0178

K4
  mean          -5.3525  -8.087 -3.6951 -3.6656 -5.1897 -6.7011 -3.0708 -5.8903
  std. dev.       2.043  1.3627  2.6139  3.0543  2.5758  2.3046  2.1662  2.4267
  weight sum        150     150     135     135     135     135     105     135
  precision      0.0169  0.0169  0.0169  0.0169  0.0169  0.0169  0.0169  0.0169

K5
  mean           8.0588  9.1402  9.4325  9.0419  7.7451  8.9704  8.6392    9.84
  std. dev.      1.7185  1.8785  2.1158  2.0588  3.2681  2.1883  1.4302    3.91
  weight sum        150     150     135     135     135     135     105     135
  precision      0.0188  0.0188  0.0188  0.0188  0.0188  0.0188  0.0188  0.0188

K6
  mean          -9.9834-10.4249-10.5813-10.7705 -9.3756 -11.668 -8.8572 -10.214
  std. dev.      2.1664  1.7864  3.2463  2.5178  2.1272  1.9437  1.6334  2.7902
  weight sum        150     150     135     135     135     135     105     135
  precision      0.0194  0.0194  0.0194  0.0194  0.0194  0.0194  0.0194  0.0194

K7
  mean           2.6829  2.1998  4.9536   3.786  3.1084  1.8551  4.6895  4.0049
  std. dev.      1.3236  0.5094  1.5428  0.6647  1.6437  0.7678  1.3089  0.9412
  weight sum        150     150     135     135     135     135     105     135
  precision      0.0082  0.0082  0.0082  0.0082  0.0082  0.0082  0.0082  0.0082

K8
  mean         -28.5771-24.9758 -28.757-27.8544-25.0182-28.9527-25.8728-26.4998
  std. dev.      5.0324  2.9547  5.1234  4.3218  4.6861  3.5954  4.2755  5.7146
  weight sum        150     150     135     135     135     135     105     135
  precision      0.0374  0.0374  0.0374  0.0374  0.0374  0.0374  0.0374  0.0374

K9
  mean          10.4682 10.5231 11.4341 10.9835   9.921 11.6212 10.1819 12.1004
  std. dev.      1.6937  1.1889  2.8864  1.7164  2.0587  1.0895   1.486  1.9772
  weight sum        150     150     135     135     135     135     105     135
  precision       0.016   0.016   0.016   0.016   0.016   0.016   0.016   0.016

K10
  mean          -3.9835 -9.0627 -4.4376 -6.2444 -4.9725 -8.0582 -3.8691 -9.1865
  std. dev.       2.111  1.3414  1.5817   1.821  3.0613  1.7305  2.0762  2.4974
  weight sum        150     150     135     135     135     135     105     135
  precision      0.0137  0.0137  0.0137  0.0137  0.0137  0.0137  0.0137  0.0137

K11
  mean           0.7375 -5.1804  1.1417 -3.2719 -1.1346 -4.7861  0.9488 -4.6426
  std. dev.      2.1109   1.315  1.4378  1.5794  2.0833  1.5688  1.5312  1.2668
  weight sum        150     150     135     135     135     135     105     135
  precision      0.0137  0.0137  0.0137  0.0137  0.0137  0.0137  0.0137  0.0137

K12
  mean          -6.3932 -5.1308 -6.8544 -5.1567  -4.397 -3.5802  -4.243 -3.4101
  std. dev.      1.1426  0.7831  1.7704   0.946  1.1199  0.9132   1.184  0.8478
  weight sum        150     150     135     135     135     135     105     135
  precision      0.0086  0.0086  0.0086  0.0086  0.0086  0.0086  0.0086  0.0086

K13
  mean           -2.733  1.1184 -3.4737 -0.7062   -1.01  2.1083 -2.0738  1.5574
  std. dev.      1.4379   1.501  2.0581  2.7986  2.2602  1.5346  1.5108  1.7034
  weight sum        150     150     135     135     135     135     105     135
  precision      0.0145  0.0145  0.0145  0.0145  0.0145  0.0145  0.0145  0.0145

K14
  mean           -5.544 -7.4985 -7.3648 -6.8331 -6.2935 -6.7554 -6.3447 -8.5947
  std. dev.      1.5857  1.2764  1.5235  1.4178  2.4115  1.3703  1.6744  2.8547
  weight sum        150     150     135     135     135     135     105     135
  precision      0.0151  0.0151  0.0151  0.0151  0.0151  0.0151  0.0151  0.0151

K15
  mean            6.559  2.1034  9.1477  5.3422  4.2444   1.731  6.4749  3.5303
  std. dev.       2.122  1.6285  3.2285  2.2878  1.9673  1.4293  1.8213  2.1234
  weight sum        150     150     135     135     135     135     105     135
  precision      0.0221  0.0221  0.0221  0.0221  0.0221  0.0221  0.0221  0.0221

K16
  mean          -9.8332-13.2803 -7.8313 -9.5995 -9.8326-13.0727  -7.335 -9.5334
  std. dev.      2.3437  2.1916  1.8345   1.663  1.8493  2.5912   1.747   2.618
  weight sum        150     150     135     135     135     135     105     135
  precision      0.0148  0.0148  0.0148  0.0148  0.0148  0.0148  0.0148  0.0148

K17
  mean          -4.9277 -5.5395 -2.6336 -4.6584  -5.151  -6.064 -2.9363 -3.1196
  std. dev.      1.3331  0.6798  1.2189  0.9189  1.3072  0.9394  1.2257  1.1822
  weight sum        150     150     135     135     135     135     105     135
  precision       0.008   0.008   0.008   0.008   0.008   0.008   0.008   0.008

K18
  mean           1.7013  1.7315  3.1049   3.254   1.008  1.7172  3.0632  3.3347
  std. dev.       0.609  0.7294  1.2146  1.1459  0.6494  0.6854  0.5433  0.6255
  weight sum        150     150     135     135     135     135     105     135
  precision      0.0096  0.0096  0.0096  0.0096  0.0096  0.0096  0.0096  0.0096

K19
  mean          24.1694 22.6138 24.1375 24.3802 21.8314 24.6367 21.7537 22.2195
  std. dev.      3.4939  2.5641  4.0493  3.7353  3.1683  2.8853  2.6763  4.4241
  weight sum        150     150     135     135     135     135     105     135
  precision      0.0319  0.0319  0.0319  0.0319  0.0319  0.0319  0.0319  0.0319

K20
  mean          -5.4928 -6.3318 -6.3539 -3.1684 -6.4015 -4.9548 -5.6425 -6.7521
  std. dev.      1.9205  1.8593   1.762   2.045  2.9989  1.9596  2.5282  2.8482
  weight sum        150     150     135     135     135     135     105     135
  precision      0.0129  0.0129  0.0129  0.0129  0.0129  0.0129  0.0129  0.0129

K21
  mean         -14.9844-15.3902-13.9924-15.7597-15.6514-18.5337-15.8554-17.1667
  std. dev.      2.3028  1.8022  3.3378  2.5815  1.9376  1.8437  1.9506   2.763
  weight sum        150     150     135     135     135     135     105     135
  precision      0.0169  0.0169  0.0169  0.0169  0.0169  0.0169  0.0169  0.0169

K22
  mean           1.0677 -1.2883  0.7158 -1.8475  0.9501 -1.4277  0.8792  -3.013
  std. dev.      1.6856  0.8238  1.1155  1.0843  1.5932  0.8892  1.3587  0.9123
  weight sum        150     150     135     135     135     135     105     135
  precision      0.0089  0.0089  0.0089  0.0089  0.0089  0.0089  0.0089  0.0089

K23
  mean          10.5133  5.1789 10.5178  7.7426  8.4582  6.9157   9.251  6.1102
  std. dev.      2.6587  1.1667  2.6337   2.461   2.789  1.4895   1.898  1.3545
  weight sum        150     150     135     135     135     135     105     135
  precision      0.0172  0.0172  0.0172  0.0172  0.0172  0.0172  0.0172  0.0172

K24
  mean           3.5949  1.9907  3.6907  2.2371  3.1346  2.5146  3.0624   1.976
  std. dev.      1.3612  1.1843  2.8213  1.0151  1.2908  0.9412  1.6299  1.1109
  weight sum        150     150     135     135     135     135     105     135
  precision      0.0144  0.0144  0.0144  0.0144  0.0144  0.0144  0.0144  0.0144

K25
  mean          -2.9404 -6.7023 -3.8833 -4.3139 -5.2356 -5.7526 -2.9325 -6.3991
  std. dev.      1.8061  1.1816   2.112   1.412  2.2167  1.6386  1.6979  2.1105
  weight sum        150     150     135     135     135     135     105     135
  precision      0.0128  0.0128  0.0128  0.0128  0.0128  0.0128  0.0128  0.0128

K26
  mean          -4.4525  -3.588 -6.7066 -5.3179 -4.0159 -4.2994 -7.1228  -6.545
  std. dev.      1.9203  0.7699  2.1702  1.5934  1.8704  1.0162   1.858  1.6447
  weight sum        150     150     135     135     135     135     105     135
  precision      0.0126  0.0126  0.0126  0.0126  0.0126  0.0126  0.0126  0.0126

K27
  mean          -9.6025-12.0171 -9.4064 -9.8178-10.0514-11.8389 -8.6418 -10.248
  std. dev.      1.9088  1.9358  2.1439  1.5512  2.1676  2.0561  1.4961  2.8885
  weight sum        150     150     135     135     135     135     105     135
  precision      0.0138  0.0138  0.0138  0.0138  0.0138  0.0138  0.0138  0.0138

K28
  mean          -6.1409 -7.2349 -6.0583 -4.8075 -6.4603  -6.956 -5.1307 -6.3219
  std. dev.      1.7964  1.9626  1.9636  1.6179  2.7063  2.6051  1.0895   3.722
  weight sum        150     150     135     135     135     135     105     135
  precision      0.0179  0.0179  0.0179  0.0179  0.0179  0.0179  0.0179  0.0179

K29
  mean           2.5395  -0.444  2.9126   2.549  1.7588  0.8759  2.8528  1.0292
  std. dev.      1.8784  1.0539  1.7226  2.0077  2.6014  1.6691   1.649   2.232
  weight sum        150     150     135     135     135     135     105     135
  precision      0.0119  0.0119  0.0119  0.0119  0.0119  0.0119  0.0119  0.0119

K30
  mean          -0.9847 -3.0547 -0.7697 -1.2083  -0.043 -3.3235  0.0503 -2.4422
  std. dev.      1.5699  1.5573  2.4275  1.9373  3.2181  1.3706  1.3093  3.6372
  weight sum        150     150     135     135     135     135     105     135
  precision      0.0175  0.0175  0.0175  0.0175  0.0175  0.0175  0.0175  0.0175

K31
  mean          11.0022 11.3159 11.2888  10.586 10.1117 12.3786 10.1388 12.1368
  std. dev.      1.1686  1.0753  1.6273  1.4418  2.0624  1.3113  1.1403  2.8225
  weight sum        150     150     135     135     135     135     105     135
  precision      0.0161  0.0161  0.0161  0.0161  0.0161  0.0161  0.0161  0.0161

K32
  mean          -9.9907 -9.1737  -8.802 -7.6114-10.0986 -9.6752 -8.6837 -7.0498
  std. dev.      1.6757  0.9127  2.3888  1.1517  1.1513  1.0906  1.4531  1.0489
  weight sum        150     150     135     135     135     135     105     135
  precision      0.0125  0.0125  0.0125  0.0125  0.0125  0.0125  0.0125  0.0125



Time taken to build model: 0.04 seconds

=== Stratified cross-validation ===
=== Summary ===

Correctly Classified Instances         842               77.963  %
Incorrectly Classified Instances       238               22.037  %
Kappa statistic                          0.7478
Mean absolute error                      0.0586
Root mean squared error                  0.219 
Relative absolute error                 26.801  %
Root relative squared error             66.263  %
Coverage of cases (0.95 level)          86.2037 %
Mean rel. region size (0.95 level)      15.8218 %
Total Number of Instances             1080     

=== Detailed Accuracy By Class ===

                 TP Rate  FP Rate  Precision  Recall   F-Measure  MCC      ROC Area  PRC Area  Class
                 0.873    0.044    0.762      0.873    0.814      0.784    0.957     0.842     c-CS-m
                 0.880    0.044    0.763      0.880    0.817      0.788    0.984     0.920     c-SC-m
                 0.704    0.017    0.856      0.704    0.772      0.748    0.974     0.863     c-CS-s
                 0.852    0.020    0.858      0.852    0.855      0.834    0.980     0.944     c-SC-s
                 0.556    0.034    0.701      0.556    0.620      0.577    0.941     0.677     t-CS-m
                 0.681    0.005    0.948      0.681    0.793      0.782    0.985     0.926     t-SC-m
                 0.810    0.042    0.675      0.810    0.736      0.708    0.967     0.822     t-CS-s
                 0.867    0.046    0.731      0.867    0.793      0.764    0.985     0.903     t-SC-s
Weighted Avg.    0.780    0.032    0.789      0.780    0.777      0.750    0.972     0.864     

=== Confusion Matrix ===

   a   b   c   d   e   f   g   h   <-- classified as
 131   6   1   0  10   0   2   0 |   a = c-CS-m
   0 132   0   1  11   5   0   1 |   b = c-SC-m
   0   0  95   0   1   0  39   0 |   c = c-CS-s
   2   0   2 115   1   0   0  15 |   d = c-SC-s
  39   1   2   0  75   0   0  18 |   e = t-CS-m
   0  34   0   3   6  92   0   0 |   f = t-SC-m
   0   0  11   0   0   0  85   9 |   g = t-CS-s
   0   0   0  15   3   0   0 117 |   h = t-SC-s

