=== Run information ===

Scheme:       weka.classifiers.bayes.NaiveBayes 
Relation:     mice-weka.filters.unsupervised.attribute.Remove-R1-weka.filters.unsupervised.attribute.NominalToBinary-R78-80-weka.filters.unsupervised.attribute.RandomProjection-M-N32-R40-DSparse1
Instances:    1080
Attributes:   33
              K1
              K2
              K3
              K4
              K5
              K6
              K7
              K8
              K9
              K10
              K11
              K12
              K13
              K14
              K15
              K16
              K17
              K18
              K19
              K20
              K21
              K22
              K23
              K24
              K25
              K26
              K27
              K28
              K29
              K30
              K31
              K32
              class
Test mode:    10-fold cross-validation

=== Classifier model (full training set) ===

Naive Bayes Classifier

                 Class
Attribute       c-CS-m  c-SC-m  c-CS-s  c-SC-s  t-CS-m  t-SC-m  t-CS-s  t-SC-s
                (0.14)  (0.14)  (0.13)  (0.13)  (0.13)  (0.13)   (0.1)  (0.13)
===============================================================================
K1
  mean          13.5323 16.8557 12.9328 14.9508 11.5994 17.1453  12.178 15.6171
  std. dev.      2.8259  3.0661  4.0254  2.9326  3.8846  2.9732  2.8664  5.1748
  weight sum        150     150     135     135     135     135     105     135
  precision      0.0241  0.0241  0.0241  0.0241  0.0241  0.0241  0.0241  0.0241

K2
  mean         -12.0147-12.1022-13.3487-10.2555-12.6161-11.7637-10.7347-11.8424
  std. dev.      2.4057  1.9515  3.4192  1.7975  3.7005  1.6864  1.8132  4.0767
  weight sum        150     150     135     135     135     135     105     135
  precision      0.0234  0.0234  0.0234  0.0234  0.0234  0.0234  0.0234  0.0234

K3
  mean          -2.2074 -1.1268 -4.1627  -2.688 -2.3531 -0.9145 -3.8756 -2.7338
  std. dev.      0.5307  0.4898  0.7556  0.9051  0.5769  0.7461  0.6459  0.7078
  weight sum        150     150     135     135     135     135     105     135
  precision      0.0064  0.0064  0.0064  0.0064  0.0064  0.0064  0.0064  0.0064

K4
  mean            1.987  2.1014  1.7037  0.9718  1.7779  1.5549  0.5003  0.1892
  std. dev.      1.7281  1.4203  1.8461  1.2142  2.0791   1.621  1.2263  2.7834
  weight sum        150     150     135     135     135     135     105     135
  precision      0.0123  0.0123  0.0123  0.0123  0.0123  0.0123  0.0123  0.0123

K5
  mean          -2.3416 -6.1084 -2.1831 -4.0744   -0.87  -3.436  0.7092 -2.1554
  std. dev.      1.5376  1.5718  1.6337  2.7053  2.4298  1.7989  1.3838  2.4479
  weight sum        150     150     135     135     135     135     105     135
  precision      0.0178  0.0178  0.0178  0.0178  0.0178  0.0178  0.0178  0.0178

K6
  mean            6.696  4.7558  6.0187  6.4245  4.5323  6.7001  5.3783  3.9927
  std. dev.      3.1164   1.729  2.5454  2.3067  2.0592  2.3081  2.3003  2.1438
  weight sum        150     150     135     135     135     135     105     135
  precision      0.0152  0.0152  0.0152  0.0152  0.0152  0.0152  0.0152  0.0152

K7
  mean          -2.8439 -2.7342  -1.265 -1.1351 -2.8407 -2.1297 -1.3864 -0.1742
  std. dev.      0.6361  0.8489  0.9649  1.6565   0.791  0.7951    0.61  0.8909
  weight sum        150     150     135     135     135     135     105     135
  precision      0.0095  0.0095  0.0095  0.0095  0.0095  0.0095  0.0095  0.0095

K8
  mean           8.4805  6.5512  8.4465  7.4706  8.0966  7.5177   8.217  7.7347
  std. dev.      1.2912  0.5503  1.4231  1.3314  1.1862  1.0796  1.3441  0.9231
  weight sum        150     150     135     135     135     135     105     135
  precision      0.0079  0.0079  0.0079  0.0079  0.0079  0.0079  0.0079  0.0079

K9
  mean          -14.443-10.1376-15.1702 -10.807-13.5593-11.6009-13.6272-12.0597
  std. dev.      2.4335  1.6578  2.5308  2.0758  3.0726  2.1186  1.9941  3.1152
  weight sum        150     150     135     135     135     135     105     135
  precision      0.0184  0.0184  0.0184  0.0184  0.0184  0.0184  0.0184  0.0184

K10
  mean          -1.3828  3.7871 -2.1736  1.1098  0.2521  4.5413 -0.5875  4.3154
  std. dev.      1.5849  1.8259  2.6571  1.3607  2.7097  1.6917   1.512  2.6677
  weight sum        150     150     135     135     135     135     105     135
  precision      0.0195  0.0195  0.0195  0.0195  0.0195  0.0195  0.0195  0.0195

K11
  mean          -0.9182 -1.6135  -1.245 -1.4646 -2.8681  -3.119 -2.5794 -2.4111
  std. dev.      0.7133  0.5362  1.1993  1.1767  0.6555  0.6186  0.5763   0.594
  weight sum        150     150     135     135     135     135     105     135
  precision      0.0058  0.0058  0.0058  0.0058  0.0058  0.0058  0.0058  0.0058

K12
  mean            9.665  6.0005 11.8385 10.2861  8.9149   7.939 12.1934 10.5526
  std. dev.       2.081  0.7912  2.2886  2.1985  2.0821  1.8919  2.0039  1.8468
  weight sum        150     150     135     135     135     135     105     135
  precision      0.0137  0.0137  0.0137  0.0137  0.0137  0.0137  0.0137  0.0137

K13
  mean           6.5155  5.1321  8.0743   7.241   5.029  5.6059  7.3737   6.612
  std. dev.      1.9452  0.9189  2.2233  1.3468  1.4306   1.155  1.7565  1.7784
  weight sum        150     150     135     135     135     135     105     135
  precision       0.013   0.013   0.013   0.013   0.013   0.013   0.013   0.013

K14
  mean          -3.9551 -5.5241 -2.1415 -3.7339 -4.3936 -5.5437 -2.3278 -3.5042
  std. dev.      0.9726   0.852  1.8527  1.1908   1.189  0.9905   1.007  1.0342
  weight sum        150     150     135     135     135     135     105     135
  precision      0.0115  0.0115  0.0115  0.0115  0.0115  0.0115  0.0115  0.0115

K15
  mean           6.0214  0.5713  8.7459  4.1085  6.2339  1.3749  9.2702  4.7831
  std. dev.      1.6471   0.953  2.1536  0.9631  2.0667  1.1445   1.657  2.3274
  weight sum        150     150     135     135     135     135     105     135
  precision      0.0136  0.0136  0.0136  0.0136  0.0136  0.0136  0.0136  0.0136

K16
  mean            1.984  1.7949  1.5309  2.5116  2.9728  4.3576  2.7401  2.3013
  std. dev.      1.5093  0.8561  2.5997  0.9997  1.2975  0.9601  1.5852  1.3407
  weight sum        150     150     135     135     135     135     105     135
  precision      0.0116  0.0116  0.0116  0.0116  0.0116  0.0116  0.0116  0.0116

K17
  mean         -16.2803 -16.887-16.8071-14.7872-17.6057-18.8773-16.1086-17.7536
  std. dev.      2.8028  2.5537  3.8087  2.9254   3.936  3.1316  2.1044  5.2366
  weight sum        150     150     135     135     135     135     105     135
  precision      0.0246  0.0246  0.0246  0.0246  0.0246  0.0246  0.0246  0.0246

K18
  mean           -7.689  -7.025 -7.6253 -7.3811 -6.1388 -8.0587 -7.4274 -8.4235
  std. dev.      1.5579  1.0076  2.1699  1.5898  2.1514  1.3455  2.1718  1.9232
  weight sum        150     150     135     135     135     135     105     135
  precision      0.0105  0.0105  0.0105  0.0105  0.0105  0.0105  0.0105  0.0105

K19
  mean          -6.9288 -5.6307 -7.1214 -4.8087 -8.4127 -7.4078 -7.4247 -6.2379
  std. dev.      1.3314  0.7186  2.4831  1.4333  1.0267  1.8084  1.2252  1.5373
  weight sum        150     150     135     135     135     135     105     135
  precision      0.0128  0.0128  0.0128  0.0128  0.0128  0.0128  0.0128  0.0128

K20
  mean         -12.4634  -8.934-10.8599 -8.5962 -8.7451 -8.9548  -6.814 -4.1742
  std. dev.      3.4134  1.6015  4.1878  1.8023  2.5494  1.8154  2.6571  3.4801
  weight sum        150     150     135     135     135     135     105     135
  precision      0.0276  0.0276  0.0276  0.0276  0.0276  0.0276  0.0276  0.0276

K21
  mean          -2.3918 -2.2526 -1.7868 -2.4536 -1.5824 -2.2224 -2.0758 -1.8052
  std. dev.       0.667  0.4414  0.9827  1.2953  0.3868  0.6687  0.5024  0.3636
  weight sum        150     150     135     135     135     135     105     135
  precision      0.0068  0.0068  0.0068  0.0068  0.0068  0.0068  0.0068  0.0068

K22
  mean           0.6907 -1.5803  1.3564 -1.6024 -0.0374 -1.2318  0.3747 -0.2802
  std. dev.      0.7423  0.6976   1.542  1.5614  1.3736  0.6404  1.4465  1.3267
  weight sum        150     150     135     135     135     135     105     135
  precision      0.0147  0.0147  0.0147  0.0147  0.0147  0.0147  0.0147  0.0147

K23
  mean           9.5553  9.7656  9.4315  7.4689  9.0371   9.044  8.4238  8.6882
  std. dev.      1.8624  1.5186  1.4755  2.7187  2.4342  1.9002  1.6224  3.1259
  weight sum        150     150     135     135     135     135     105     135
  precision      0.0152  0.0152  0.0152  0.0152  0.0152  0.0152  0.0152  0.0152

K24
  mean          -0.2893  2.8882 -1.0286  1.9183 -0.4523  2.4745 -2.4501  0.3226
  std. dev.       1.812  1.4607   3.164    1.97  2.0102  1.6383   1.935  2.5791
  weight sum        150     150     135     135     135     135     105     135
  precision      0.0157  0.0157  0.0157  0.0157  0.0157  0.0157  0.0157  0.0157

K25
  mean          13.2982 11.1027 14.1765 11.3891 12.5458  11.999 12.6715 11.2326
  std. dev.      1.9711  1.9047  2.8824  2.2182  2.1962  1.5859  1.9598   2.861
  weight sum        150     150     135     135     135     135     105     135
  precision       0.021   0.021   0.021   0.021   0.021   0.021   0.021   0.021

K26
  mean          -8.0292 -8.1101 -8.8251 -7.4533-11.2879 -9.2709-11.1289-10.9072
  std. dev.      1.7295  1.5522  2.0386  1.5646  1.6927  1.4808  1.7926  1.1977
  weight sum        150     150     135     135     135     135     105     135
  precision      0.0118  0.0118  0.0118  0.0118  0.0118  0.0118  0.0118  0.0118

K27
  mean           6.6714  3.0311  9.0824  5.5788  4.2779  2.1099  5.9117  3.7709
  std. dev.       2.189  1.3706   3.347   1.939  2.0945  1.8076  1.6531  1.8631
  weight sum        150     150     135     135     135     135     105     135
  precision      0.0205  0.0205  0.0205  0.0205  0.0205  0.0205  0.0205  0.0205

K28
  mean          -4.5931 -4.3389 -4.5671 -4.4339 -6.1784 -6.2989 -7.5027  -6.096
  std. dev.      1.1988  1.0662  1.7178    1.67  1.5584  1.2044  1.1938  1.3326
  weight sum        150     150     135     135     135     135     105     135
  precision      0.0115  0.0115  0.0115  0.0115  0.0115  0.0115  0.0115  0.0115

K29
  mean          17.1423 19.3882 16.7414 19.3164 15.0912  20.852 13.8163 17.7393
  std. dev.      3.2815  2.7319  3.9108  3.0379  3.8616  2.9652  2.1575  6.1433
  weight sum        150     150     135     135     135     135     105     135
  precision      0.0324  0.0324  0.0324  0.0324  0.0324  0.0324  0.0324  0.0324

K30
  mean           4.2689  3.4355  5.5898  2.6004  7.3814  4.7444  7.1445  7.6923
  std. dev.      2.2205  1.0966  2.0075  1.0182  2.2581  0.8153  2.7951  1.3055
  weight sum        150     150     135     135     135     135     105     135
  precision       0.011   0.011   0.011   0.011   0.011   0.011   0.011   0.011

K31
  mean           6.6002  4.6552  6.3935  4.8237  6.2306  4.9689  6.3732  4.5343
  std. dev.      1.0423   1.049  1.9074  1.8299  1.1475  1.3184  1.1863  1.1509
  weight sum        150     150     135     135     135     135     105     135
  precision      0.0132  0.0132  0.0132  0.0132  0.0132  0.0132  0.0132  0.0132

K32
  mean          -9.5654 -5.1589 -9.4782  -6.215 -6.2916 -5.3151  -6.682 -4.3769
  std. dev.      2.6202  1.4767  2.3278  2.1955  2.0745   2.286  2.0222  2.4759
  weight sum        150     150     135     135     135     135     105     135
  precision      0.0177  0.0177  0.0177  0.0177  0.0177  0.0177  0.0177  0.0177



Time taken to build model: 0.01 seconds

=== Stratified cross-validation ===
=== Summary ===

Correctly Classified Instances         984               91.1111 %
Incorrectly Classified Instances        96                8.8889 %
Kappa statistic                          0.8983
Mean absolute error                      0.0238
Root mean squared error                  0.1404
Relative absolute error                 10.8962 %
Root relative squared error             42.4706 %
Coverage of cases (0.95 level)          95.1852 %
Mean rel. region size (0.95 level)      13.8079 %
Total Number of Instances             1080     

=== Detailed Accuracy By Class ===

                 TP Rate  FP Rate  Precision  Recall   F-Measure  MCC      ROC Area  PRC Area  Class
                 0.853    0.002    0.985      0.853    0.914      0.905    0.996     0.982     c-CS-m
                 0.973    0.000    1.000      0.973    0.986      0.984    1.000     0.999     c-SC-m
                 0.793    0.028    0.805      0.793    0.799      0.770    0.979     0.894     c-CS-s
                 0.963    0.036    0.793      0.963    0.870      0.854    0.993     0.953     c-SC-s
                 0.904    0.005    0.961      0.904    0.931      0.922    0.989     0.966     t-CS-m
                 0.948    0.002    0.985      0.948    0.966      0.962    0.999     0.993     t-SC-m
                 0.867    0.015    0.858      0.867    0.863      0.848    0.994     0.962     t-CS-s
                 0.978    0.013    0.917      0.978    0.946      0.939    0.998     0.992     t-SC-s
Weighted Avg.    0.911    0.012    0.916      0.911    0.912      0.901    0.994     0.969     

=== Confusion Matrix ===

   a   b   c   d   e   f   g   h   <-- classified as
 128   0   5  10   5   0   0   2 |   a = c-CS-m
   0 146   0   2   0   2   0   0 |   b = c-SC-m
   0   0 107  13   0   0  15   0 |   c = c-CS-s
   0   0   5 130   0   0   0   0 |   d = c-SC-s
   2   0   7   0 122   0   0   4 |   e = t-CS-m
   0   0   0   7   0 128   0   0 |   f = t-SC-m
   0   0   8   0   0   0  91   6 |   g = t-CS-s
   0   0   1   2   0   0   0 132 |   h = t-SC-s

