=== Run information ===

Scheme:       weka.classifiers.bayes.NaiveBayes 
Relation:     mice-weka.filters.unsupervised.attribute.Remove-R1-weka.filters.unsupervised.attribute.NominalToBinary-R78-80-weka.filters.unsupervised.attribute.RandomProjection-M-N32-R42-DSparse1
Instances:    1080
Attributes:   33
              K1
              K2
              K3
              K4
              K5
              K6
              K7
              K8
              K9
              K10
              K11
              K12
              K13
              K14
              K15
              K16
              K17
              K18
              K19
              K20
              K21
              K22
              K23
              K24
              K25
              K26
              K27
              K28
              K29
              K30
              K31
              K32
              class
Test mode:    10-fold cross-validation

=== Classifier model (full training set) ===

Naive Bayes Classifier

                 Class
Attribute       c-CS-m  c-SC-m  c-CS-s  c-SC-s  t-CS-m  t-SC-m  t-CS-s  t-SC-s
                (0.14)  (0.14)  (0.13)  (0.13)  (0.13)  (0.13)   (0.1)  (0.13)
===============================================================================
K1
  mean          19.5576 23.2784 20.0898 20.5292 20.1846 23.3082 18.7245 23.0624
  std. dev.      3.0095   2.915  2.2228  2.2504  4.2274   2.688  3.1153  4.3666
  weight sum        150     150     135     135     135     135     105     135
  precision      0.0197  0.0197  0.0197  0.0197  0.0197  0.0197  0.0197  0.0197

K2
  mean           3.9743  2.1098  3.9577  2.9421  3.4101  3.1123  2.3259  1.9294
  std. dev.      1.5742   0.941  2.6143  1.1642  1.4503  0.9778  1.5176  0.9047
  weight sum        150     150     135     135     135     135     105     135
  precision      0.0131  0.0131  0.0131  0.0131  0.0131  0.0131  0.0131  0.0131

K3
  mean          -4.1457 -2.3829 -5.4246 -3.6838 -4.5323 -3.5308 -4.3729 -3.9967
  std. dev.      1.3899   0.815  1.8125  1.1348  1.7569  0.8441  1.1374  1.6678
  weight sum        150     150     135     135     135     135     105     135
  precision      0.0135  0.0135  0.0135  0.0135  0.0135  0.0135  0.0135  0.0135

K4
  mean         -10.5868-11.6216 -9.7558-11.4536-10.7198-13.8093-10.9195-11.7273
  std. dev.      1.4928  0.9178  1.1248  1.7644  0.7286  1.1846  1.0022  1.6136
  weight sum        150     150     135     135     135     135     105     135
  precision      0.0096  0.0096  0.0096  0.0096  0.0096  0.0096  0.0096  0.0096

K5
  mean           5.0475  3.6925  4.4655  3.8726  3.2851  4.3805  4.3272   4.055
  std. dev.      1.3145  1.1478   1.394  1.3584  1.2458  1.2664  1.2304  1.7438
  weight sum        150     150     135     135     135     135     105     135
  precision      0.0107  0.0107  0.0107  0.0107  0.0107  0.0107  0.0107  0.0107

K6
  mean          -2.8241 -3.8496 -2.6862 -4.5756 -3.6753 -5.6495 -4.6814 -5.6689
  std. dev.      1.3901   1.236  1.2454  1.3285  1.2499  1.4413  1.2507  1.1733
  weight sum        150     150     135     135     135     135     105     135
  precision      0.0083  0.0083  0.0083  0.0083  0.0083  0.0083  0.0083  0.0083

K7
  mean             -5.1  -3.069 -4.0878  -1.211 -5.7644 -2.9555 -3.9311 -1.4312
  std. dev.      1.1427  0.7036  1.7995    1.06   1.308  0.5146  0.9568  0.7948
  weight sum        150     150     135     135     135     135     105     135
  precision      0.0103  0.0103  0.0103  0.0103  0.0103  0.0103  0.0103  0.0103

K8
  mean         -12.9663-11.3838-11.7325 -8.6483-11.4827-11.8645 -8.5403 -8.1766
  std. dev.      2.8113    2.44  3.4224   3.107  4.0714  2.8826  1.7693  6.0057
  weight sum        150     150     135     135     135     135     105     135
  precision       0.031   0.031   0.031   0.031   0.031   0.031   0.031   0.031

K9
  mean           4.6526  3.4851  4.4928  3.0849  3.8133  3.7475  4.5829  4.9074
  std. dev.      1.2237  0.7658  1.3292  1.2126  1.1607  1.1291   1.361  1.1907
  weight sum        150     150     135     135     135     135     105     135
  precision      0.0074  0.0074  0.0074  0.0074  0.0074  0.0074  0.0074  0.0074

K10
  mean          14.6762 12.2282 13.2793 11.3237 12.8433 12.1145 10.3703  8.7472
  std. dev.      2.3495  1.3425  4.6717  1.7626   2.359  1.6897  1.7979  2.5392
  weight sum        150     150     135     135     135     135     105     135
  precision      0.0271  0.0271  0.0271  0.0271  0.0271  0.0271  0.0271  0.0271

K11
  mean           9.2883 11.7265 10.1414  8.7577  9.9881 10.5764  8.2228 11.7974
  std. dev.      2.6291  2.1216  1.9706  1.9488  3.8157  2.7784  2.5671  3.9465
  weight sum        150     150     135     135     135     135     105     135
  precision      0.0164  0.0164  0.0164  0.0164  0.0164  0.0164  0.0164  0.0164

K12
  mean           5.0883  2.7827  7.4843  4.8325  5.8977  5.5053   8.188  7.2196
  std. dev.      1.0124  0.9266  1.5153  1.0141  1.3583  0.9408  1.2831  1.8242
  weight sum        150     150     135     135     135     135     105     135
  precision      0.0109  0.0109  0.0109  0.0109  0.0109  0.0109  0.0109  0.0109

K13
  mean            3.843  2.6064  3.6566  4.5395  2.8329  3.6708  4.4991  3.1815
  std. dev.      1.6586  1.0747   1.396   1.368  2.1569  1.4112  1.2513  2.0268
  weight sum        150     150     135     135     135     135     105     135
  precision      0.0094  0.0094  0.0094  0.0094  0.0094  0.0094  0.0094  0.0094

K14
  mean          13.8259 15.2306 14.7304 12.1817 14.5615 13.8964 13.3624 16.1464
  std. dev.      2.8319  1.8131  2.4197  4.0502  4.9026  2.1211  2.9764  3.8481
  weight sum        150     150     135     135     135     135     105     135
  precision       0.019   0.019   0.019   0.019   0.019   0.019   0.019   0.019

K15
  mean           0.9634  0.2459   1.823  0.2613  2.0198  0.4747  1.5426  1.4378
  std. dev.       1.083  0.8762  1.1587  1.7394  0.7895  1.0229  0.7423  1.1702
  weight sum        150     150     135     135     135     135     105     135
  precision      0.0108  0.0108  0.0108  0.0108  0.0108  0.0108  0.0108  0.0108

K16
  mean          -1.5135 -3.2601 -3.1216 -2.8913 -1.5463  -2.839 -2.0759 -4.1408
  std. dev.      1.5098  1.1524  2.2043  1.5815  2.7028  1.0686   1.616  2.7084
  weight sum        150     150     135     135     135     135     105     135
  precision      0.0131  0.0131  0.0131  0.0131  0.0131  0.0131  0.0131  0.0131

K17
  mean           6.4259  3.2964  7.6086  2.7632  4.0785  2.1444  4.3506   1.501
  std. dev.      1.1704   0.791  1.9312  1.9158  1.4341  1.3186  1.3051  2.0138
  weight sum        150     150     135     135     135     135     105     135
  precision      0.0178  0.0178  0.0178  0.0178  0.0178  0.0178  0.0178  0.0178

K18
  mean           8.5598  6.0013  7.1774  5.2333  6.6094   6.934     5.2  4.5778
  std. dev.      2.1292   1.362  2.1069  2.1984  2.3092  1.9271  1.7758  2.5493
  weight sum        150     150     135     135     135     135     105     135
  precision      0.0143  0.0143  0.0143  0.0143  0.0143  0.0143  0.0143  0.0143

K19
  mean           8.7541   9.524  7.4632  5.8478  9.2651  9.3891  5.9583  5.3421
  std. dev.      2.2997  1.8688  3.1991  1.4326  2.4026  2.5009  1.6455   3.611
  weight sum        150     150     135     135     135     135     105     135
  precision      0.0211  0.0211  0.0211  0.0211  0.0211  0.0211  0.0211  0.0211

K20
  mean           10.863 13.1881 11.4873 10.6995 11.7318 13.2645   9.823 13.4463
  std. dev.      2.4088  1.7154  2.7443  2.2049  3.2117  2.1457  1.4786   3.537
  weight sum        150     150     135     135     135     135     105     135
  precision      0.0155  0.0155  0.0155  0.0155  0.0155  0.0155  0.0155  0.0155

K21
  mean           3.7443  3.5676  3.3194  3.9317  3.1133  4.4045  4.4417  4.9368
  std. dev.      0.8671  0.7648  1.0242   0.584  0.6667  1.2225  0.9335  1.0273
  weight sum        150     150     135     135     135     135     105     135
  precision      0.0065  0.0065  0.0065  0.0065  0.0065  0.0065  0.0065  0.0065

K22
  mean           7.9152  2.8662  9.1735  6.3251  7.4755  4.5806  7.9593  6.8366
  std. dev.      2.5343  1.2852  2.7141  1.5296  2.8647  1.4926  1.9412   1.651
  weight sum        150     150     135     135     135     135     105     135
  precision      0.0167  0.0167  0.0167  0.0167  0.0167  0.0167  0.0167  0.0167

K23
  mean          -1.5965 -2.4931 -0.6919 -2.9352  0.4042 -2.9714  -0.207 -0.5164
  std. dev.      1.9308  1.0419  2.8255  1.4991  1.5136  1.1503  1.5447  1.0795
  weight sum        150     150     135     135     135     135     105     135
  precision      0.0143  0.0143  0.0143  0.0143  0.0143  0.0143  0.0143  0.0143

K24
  mean           0.8446 -1.6955  3.2526 -0.9373  1.4493 -1.7937  3.2868  0.8384
  std. dev.      1.0793   0.468  1.0626  1.0263  1.3062  0.9873   1.043  0.9867
  weight sum        150     150     135     135     135     135     105     135
  precision      0.0114  0.0114  0.0114  0.0114  0.0114  0.0114  0.0114  0.0114

K25
  mean          -0.6338 -0.4801 -1.3379 -3.4664  2.7559  0.1545  1.5832  0.6975
  std. dev.      2.0793  1.0068  2.0932  1.4501  1.5333   1.316   1.422  1.6214
  weight sum        150     150     135     135     135     135     105     135
  precision       0.014   0.014   0.014   0.014   0.014   0.014   0.014   0.014

K26
  mean             9.14   5.366 10.5783  8.0133  4.8268  4.5092  7.0207  4.0753
  std. dev.      3.5195  1.6182  3.0752  2.0285  2.5721  2.0263   2.498  2.7408
  weight sum        150     150     135     135     135     135     105     135
  precision      0.0216  0.0216  0.0216  0.0216  0.0216  0.0216  0.0216  0.0216

K27
  mean           6.4912  7.0998  6.9098  6.9107  6.8941  8.9938  8.1211  8.3973
  std. dev.      2.1255  1.3076  2.2666   1.801  2.2082  1.6036  1.8436  2.4527
  weight sum        150     150     135     135     135     135     105     135
  precision      0.0126  0.0126  0.0126  0.0126  0.0126  0.0126  0.0126  0.0126

K28
  mean           7.3128  6.4782  6.1491  5.0054  7.5316  7.2368  5.6805  4.7966
  std. dev.      1.0759  0.6435  2.4991  1.1127  1.1945  0.8844   1.092  0.9826
  weight sum        150     150     135     135     135     135     105     135
  precision      0.0141  0.0141  0.0141  0.0141  0.0141  0.0141  0.0141  0.0141

K29
  mean         -13.9453-14.3901-12.3164-12.9826-11.7897-14.0551 -9.9348-10.6304
  std. dev.      1.5622  1.3891  1.9283  2.2726  1.4526  1.3909  1.5601  2.1396
  weight sum        150     150     135     135     135     135     105     135
  precision      0.0145  0.0145  0.0145  0.0145  0.0145  0.0145  0.0145  0.0145

K30
  mean           0.7961  2.9998  0.8683  3.0544  1.0715  2.7381  1.5508  4.7267
  std. dev.      1.3746  0.5636  1.7006   1.174  1.1441  0.8013  1.8781   1.272
  weight sum        150     150     135     135     135     135     105     135
  precision      0.0104  0.0104  0.0104  0.0104  0.0104  0.0104  0.0104  0.0104

K31
  mean          -6.1593  -5.058 -6.7134  -5.962 -3.6651 -4.4053 -4.4824 -5.3768
  std. dev.      1.2244  1.3155   1.493  2.1075  1.8532  1.5956  1.9871  1.7852
  weight sum        150     150     135     135     135     135     105     135
  precision      0.0106  0.0106  0.0106  0.0106  0.0106  0.0106  0.0106  0.0106

K32
  mean           9.3642  8.2933  8.5949  8.5336  8.5681  8.7924   8.958  9.1891
  std. dev.      1.2235  0.7186  2.2091  1.4223  0.9837  0.7933  1.3045  0.9841
  weight sum        150     150     135     135     135     135     105     135
  precision      0.0139  0.0139  0.0139  0.0139  0.0139  0.0139  0.0139  0.0139



Time taken to build model: 0.03 seconds

=== Stratified cross-validation ===
=== Summary ===

Correctly Classified Instances         981               90.8333 %
Incorrectly Classified Instances        99                9.1667 %
Kappa statistic                          0.8952
Mean absolute error                      0.0245
Root mean squared error                  0.1367
Relative absolute error                 11.2066 %
Root relative squared error             41.3629 %
Coverage of cases (0.95 level)          95.6481 %
Mean rel. region size (0.95 level)      14.2824 %
Total Number of Instances             1080     

=== Detailed Accuracy By Class ===

                 TP Rate  FP Rate  Precision  Recall   F-Measure  MCC      ROC Area  PRC Area  Class
                 0.820    0.027    0.831      0.820    0.826      0.798    0.987     0.921     c-CS-m
                 0.940    0.002    0.986      0.940    0.962      0.957    0.996     0.989     c-SC-m
                 0.770    0.014    0.889      0.770    0.825      0.805    0.986     0.900     c-CS-s
                 0.970    0.007    0.949      0.970    0.960      0.954    0.989     0.983     c-SC-s
                 0.904    0.028    0.824      0.904    0.862      0.843    0.986     0.945     t-CS-m
                 0.941    0.007    0.948      0.941    0.944      0.936    0.998     0.984     t-SC-m
                 0.933    0.019    0.838      0.933    0.883      0.871    0.995     0.973     t-CS-s
                 1.000    0.000    1.000      1.000    1.000      1.000    1.000     1.000     t-SC-s
Weighted Avg.    0.908    0.013    0.910      0.908    0.908      0.896    0.992     0.961     

=== Confusion Matrix ===

   a   b   c   d   e   f   g   h   <-- classified as
 123   0   4   0  23   0   0   0 |   a = c-CS-m
   0 141   0   0   2   7   0   0 |   b = c-SC-m
  11   0 104   2   0   0  18   0 |   c = c-CS-s
   2   0   2 131   0   0   0   0 |   d = c-SC-s
   8   0   4   0 122   0   1   0 |   e = t-CS-m
   1   2   0   5   0 127   0   0 |   f = t-SC-m
   3   0   3   0   1   0  98   0 |   g = t-CS-s
   0   0   0   0   0   0   0 135 |   h = t-SC-s

