=== Run information ===

Scheme:       weka.clusterers.EM -I 100 -N -1 -X 10 -max -1 -ll-cv 1.0E-6 -ll-iter 1.0E-6 -M 1.0E-6 -K 10 -num-slots 1 -S 100
Relation:     mice-weka.filters.unsupervised.attribute.Remove-R1-weka.filters.unsupervised.attribute.NominalToBinary-R78-80-weka.filters.unsupervised.attribute.RandomProjection-M-N32-R40-DSparse1
Instances:    1080
Attributes:   33
              K1
              K2
              K3
              K4
              K5
              K6
              K7
              K8
              K9
              K10
              K11
              K12
              K13
              K14
              K15
              K16
              K17
              K18
              K19
              K20
              K21
              K22
              K23
              K24
              K25
              K26
              K27
              K28
              K29
              K30
              K31
              K32
Ignored:
              class
Test mode:    Classes to clusters evaluation on training data

=== Clustering model (full training set) ===


EM
==

Number of clusters selected by cross validation: 28
Number of iterations performed: 51


            Cluster
Attribute         0       1       2       3       4       5       6       7       8       9      10      11      12      13      14      15      16      17      18      19      20      21      22      23      24      25      26      27
             (0.01)  (0.04)  (0.04)  (0.04)  (0.02)  (0.06)  (0.04)  (0.03)  (0.08)  (0.02)  (0.04)  (0.03)  (0.05)  (0.06)  (0.04)  (0.03)  (0.02)  (0.03)  (0.02)  (0.07)  (0.01)  (0.04)  (0.04)  (0.03)  (0.04)  (0.03)  (0.01)  (0.02)
============================================================================================================================================================================================================================================
K1
  mean       17.3537 10.4976 17.7151 11.1552  9.6901  14.911 17.6983 12.0574 12.8157 15.7881  8.1218 10.3335 19.7123 15.6772 13.9821  8.7743 11.6835 14.5308 23.1849 19.0562 14.4563 19.1707  9.9825 15.1926 14.3907  15.173  6.5992 16.6532
  std. dev.   1.8925   1.409  2.4198  1.5969  1.7321  1.3401  1.4232  1.7569  1.8376  1.6221  2.7515  1.4379  1.7757  1.6832  1.8968  1.6976  1.9482  1.8095  1.6542  1.9369  1.7994  2.0267  1.6702   1.171  1.7173  1.6621  1.8307  1.8418

K2
  mean      -16.0391-11.7562-13.1692 -8.2493 -8.8121-10.9511-11.5698-11.0968 -9.6447 -11.695 -7.2517-11.0096-12.9352  -11.49-10.8441 -8.5192-10.0523-15.0382-18.0758-13.4176-10.1532-16.1218-11.9639-13.5839-10.3362-15.0754-21.0785-12.2383
  std. dev.    1.466  1.5455  2.0979   1.273  1.0981  0.9489  0.8375  0.5762  1.3107  1.3952  2.5917  1.1243     0.9   1.543  0.9592  1.1385  0.8878  2.0178  1.1005  1.1971   0.394  1.7966  1.0219  1.6915  1.0472   1.699  1.8322  1.0264

K3
  mean       -3.1394 -3.9987 -3.0118 -1.1901 -4.2015 -1.0515 -3.0822 -3.6884 -3.0332 -2.4372 -2.0226 -1.8752 -1.2182 -0.6983 -2.4878 -1.8175 -4.1647 -2.7974 -3.1194 -1.2395 -2.6907 -2.9159 -2.5174 -4.3187 -2.5549 -1.8184 -4.9616 -3.4706
  std. dev.   0.6295   0.515  0.9128  1.2837  0.3431  0.4723  0.2997  0.6948  0.9611  1.2566  0.5299  0.4115  0.5782  0.7486  0.4339  0.4129   0.679  0.5942  0.8152  0.5055  0.2947   0.579   0.407  0.6431  0.4209  0.3863       1   0.438

K4
  mean        3.7141  0.0187  3.4522  -0.704 -0.0004  1.2676  1.5463 -0.0721  0.6078  0.2248 -2.8218 -0.1175   2.382  1.4555  2.8059  0.9141  1.2528  1.5984  5.2637  3.1065  2.5527  3.3687  1.0332  3.0125 -1.1017  2.6726  0.3791  2.6281
  std. dev.   0.4683  1.0093  0.8224  0.9594  0.4263  0.7725  0.6121  0.7254   0.936  1.1654  1.1421  0.7245  1.2934   0.908  1.5105  1.1275  0.6083  1.0737  1.3529  0.8806  1.0668  1.7072  0.9232   0.866  0.7473  1.1281   1.167  1.0862

K5
  mean       -2.2945 -1.6212 -2.2674 -2.6382  0.5703 -5.5251 -3.3907  1.1277 -2.6848 -2.9345   0.341 -1.9134 -4.4778 -3.1273 -2.3493  0.4546  0.9435 -2.3076 -6.4943 -6.7305-10.8959 -4.5432  0.5456 -3.4587 -0.3815 -3.7213 -1.5026  0.8314
  std. dev.   1.4133  0.7361  1.4497  1.7094   0.358  1.0573  1.1092  1.5705   1.283  1.0831  0.4878  0.9013  1.4134  1.8528   1.402  0.4475  0.6037   1.212  1.2527  1.4486  0.9481  1.8798   0.532  1.5734   0.331  1.2458  1.2407  2.1843

K6
  mean        6.8036  4.0185 10.6563  2.9674  4.7782  4.0453  8.5209  5.4878  5.5601  3.9057  1.8646   2.943  8.6261  5.4866  8.4314  4.0312  7.6553  2.0092  7.6578  5.6568  6.1577  4.7749  5.0324  7.4096   4.188  5.7989  4.3236  7.5263
  std. dev.   1.8787  1.5888  1.7161  1.1484  0.8197  0.9891  1.4159   1.147  1.1332  1.9318  0.7346  1.1477  1.6804  1.9446  1.5828  1.0995  1.6947   1.535  0.9505  1.5533   1.782  1.2519  1.2154  1.6178  1.5489   1.165  1.4335  0.9393

K7
  mean       -3.1295 -2.0116 -1.4429 -1.7151 -1.2237 -3.1968 -0.0149 -1.5585 -1.3311 -0.5985 -1.4499  -2.809 -1.7651 -2.6644 -2.9186 -2.7763 -1.1493 -2.5832  -0.189 -2.3772 -4.5404 -0.7659  -2.707 -1.3991  0.0548 -3.1065  0.1713  -1.399
  std. dev.   0.9736   0.418  1.5964  1.0353  0.6222  0.8255  0.5591  0.4838  0.9583  0.8836  1.2892  0.6085  0.7291  1.1586  0.6334  0.9029  0.5531  0.7395  1.3485  0.5343  0.3837  1.5105  0.5481  0.5245  0.5063  0.4862  0.6537  0.5517

K8
  mean          9.55  8.2686  9.5953  5.8056  7.2563  6.4259  8.4635  9.1275  7.4252  6.2983  7.0042  7.3565  8.1377  7.5431  8.5314  6.8097  8.0821  7.6173  9.0284  6.7844  4.5926  8.1357  8.6986  8.4181  7.7729  9.1281  9.0682  9.8623
  std. dev.   0.9413   1.085  0.9557  0.7078  0.6334   0.427  0.5047  0.7645   0.723  0.5105  0.7064  1.1004  0.5341  0.6884  0.8192  0.6522  1.0082  0.7456  0.6255  0.5557  0.5871   0.721  0.6373  1.6323  0.5201  0.5084  1.2202  0.5962

K9
  mean      -17.4981-13.4359-17.5977 -7.8336-11.2904 -9.1404-12.7074-14.4096-10.6933-11.3282 -8.7301-12.2547-13.5542-10.2105-14.3903 -9.6499-13.9434-13.9968-17.3854-11.3263-10.3089-14.4615-14.4747-15.3115-11.6135  -15.52 -18.646-16.9027
  std. dev.   0.9285  1.1933  1.4724  0.9595  0.9335  0.7444  1.1488  1.1077  1.2089  1.0667  1.9949  1.5472  1.3023  0.9931  1.4151  1.4237  0.8774  1.3583  1.1419  1.1276  0.8523  0.9406  1.4995  1.0505  1.2816  1.2072  1.8953  1.3249

K10
  mean        2.3309 -2.9529 -0.9515  0.1001 -1.0542  2.8781   2.215 -0.5793 -0.1172  4.3241  0.0405 -1.5948  5.7153  3.8528   -1.52 -1.3297 -1.9732  2.3202  8.2328  5.0761   0.363  6.2275 -1.1759  0.1792  3.5048  0.0331 -7.6929 -1.4688
  std. dev.   0.6864  1.0281  2.4487  1.4839   1.341   1.054  0.7194  0.8975  1.7212  1.0332  1.5989  0.9132  1.1751  1.0949  1.4186  1.0445  1.1468  1.2298  1.3347  1.3106  0.6146  0.9905  0.5345  1.2379  1.0711  1.4848  1.2333   0.922

K11
  mean       -2.8151  -1.713 -0.1805  -1.637 -2.7336 -1.7499 -0.9856 -2.3126 -1.1003 -2.5184 -2.8312 -1.1612 -2.8717 -3.4966 -0.9769 -3.2825 -2.8884 -3.4052  -1.537 -1.6085 -4.3101 -2.4142 -2.4505 -1.0611 -2.3893 -0.9152 -3.2957 -0.7289
  std. dev.   0.2192  0.6397  0.7633  0.6611  0.5277  0.5109  0.5584  0.3574   0.643  0.5306  0.3033  0.6059  0.4804  0.6088  0.5727  0.3562  0.5101   0.344  0.5451  0.6501  0.2162  0.5343  0.5381   0.649  0.4159  0.7986  1.0994  0.8238

K12
  mean       10.2537  11.427 12.9017  9.0981  9.8337   5.982 11.5836 13.3747 10.0154  9.3686 10.8807  9.4369  7.8695  7.5366  8.9936  7.9219 11.6262  9.0483  8.3695  5.9112  4.7619  8.2948 10.6229 10.4355 12.2661  9.3204 13.4911 15.2603
  std. dev.   1.7108  0.7649  1.6514  1.8205  0.3987  0.5798  1.0667  1.0431  1.3965  1.2081  1.0818  1.0892  1.6963  1.5653  1.4996  0.7878  1.4054  1.5819  1.4006  0.9631  0.3052  2.8359  0.8428  1.9344  0.6953  2.3537  1.9535  1.5777

K13
  mean        7.0574  6.0911  10.086    5.08  6.4846  4.6239  8.3911  6.8638  6.5336  5.8256  4.1228  4.1311  6.5352  5.0364  7.0843  4.5655  8.5441  5.0333  8.5151  5.5814  7.0195  6.8681  5.3101  7.9965  6.7108  6.2139 11.3064  9.5826
  std. dev.   1.5543   0.599  1.4471  0.9317  0.4111  0.5587  0.8355  1.1156  0.9002   0.407  1.2451  0.4564  1.0731  0.7733  0.7721  0.7785  1.0569  1.2075  1.1192  0.8692  1.0054    1.89  1.0869  0.8593  0.8691  1.1265  2.0901  1.6315

K14
  mean       -3.0239  -0.944 -3.6594 -3.7842 -2.2445 -5.6951 -3.7282 -1.8388 -3.7839 -2.8392 -3.3872 -3.0875  -5.673 -6.1724 -4.4898 -5.3012 -3.7721 -2.6973 -3.3323 -5.3658 -2.1055 -3.2956   -4.93 -1.2649   -4.01 -3.9121 -6.2217 -3.5476
  std. dev.   0.3983  0.9315  1.3192  1.1607  0.9082   0.868  0.5214  0.5208  1.0286    1.22  1.1287  1.0129  0.7019  1.1206  0.7579  0.7953  1.2958  0.8077  1.0699  0.6558  0.7404  1.2326  0.6627  0.5998   0.459  0.7276  1.2911  0.9676

K15
  mean        7.3602 10.1895  6.7412   2.762  7.0462  1.1706  4.2773 10.6695  4.7129  2.6655    7.66  7.2283  1.0821  1.4087  4.9117  5.0941  8.1679  7.2521   1.206  0.0279  2.7356  2.7833  7.8533  7.2352  6.3605  6.3466 10.1877 10.6213
  std. dev.   1.2265  0.8187  1.3272  1.2395  0.6691  0.7511  0.7138  0.6976   1.091    0.85  1.1782  0.9602  1.0298  0.9512   1.227  0.8708  1.1546  2.0895  1.5469  0.8117  0.5623  1.3507   0.517  2.0489  0.5274  1.8324  0.6989  1.0969

K16
  mean        3.0214 -0.7757  3.6528  3.7399  3.8691  1.8293  2.7678  1.7705  2.5061  4.3671  1.3963  0.2829  4.0851  4.3626   2.403  3.5186  4.4888  1.7648  3.5023   1.638  1.2397  2.8821  2.4011  1.3185  1.7653  1.2947  6.4992    1.97
  std. dev.   1.3978  1.4243  0.9636  1.2759  0.8164  0.7927  0.7843  0.5214  0.9449  0.9313  1.2783  0.7943    0.89  0.8825  0.9881  1.3253  1.0386  1.1187   0.741  0.7844  0.4866  0.6674  1.1467  0.7307  1.0578  1.0948  1.5372  2.0743

K17
  mean      -21.9252-13.6186-19.6501-11.7445-14.0701-15.2653-16.4076-15.8099-13.2503-17.9952-11.4597 -13.506-21.5487-17.2308-16.0797-13.4476-16.9504-19.1863-26.3382-18.8837-19.5936-22.3613-17.0896-17.9043-15.8666-18.5952-23.2026-17.3155
  std. dev.   1.2503  1.7016  1.7698  1.3271  1.1143  1.0762  1.2068   1.192  1.4278  1.5815  2.9054  1.5132  1.7639  1.7891  1.3678  1.5295  0.8091  1.8662  0.9437  1.6797  1.2073  1.3668  1.4795  1.8483  1.5026  1.7447  2.2354  1.9441

K18
  mean       -9.4633 -7.2603-10.1788 -5.9561 -5.3709 -6.6928 -8.3558 -8.2764 -6.1783 -8.7705 -5.7014  -7.063 -8.9172  -7.257 -7.0009 -3.5045 -6.1066 -8.3919-10.7398 -7.4123 -9.3908 -9.3111  -5.778 -8.4667 -8.1344 -8.3489 -5.1666   -9.32
  std. dev.   0.6893  1.1634  1.3387  1.0487  1.5359  0.7429  0.7564  0.8922   1.092  0.9822  1.3272  0.5904   1.137  0.9759  0.9894  0.4575  2.0599  0.5098  1.2112  0.8616   0.923  1.2407  0.9979  1.9106  0.5948   1.041  1.5425  1.6997

K19
  mean       -8.6804 -6.3481 -7.6033  -3.528 -7.2452 -5.4521  -5.461 -7.4503  -5.088 -6.1376 -5.5522 -5.5052 -8.8244 -6.6135 -7.6161 -7.4602  -8.747  -7.176 -8.7439 -6.0437 -6.1303 -7.6139 -9.3113 -6.6773 -5.2479 -7.0088-13.3116 -6.4527
  std. dev.   1.0784  1.2768  1.3168   1.188  0.9091  0.4908  1.0929  1.1506  0.9883  0.8823  1.0526  0.9319  1.1078  1.4595  0.6823  0.6013    0.76  0.8575  0.9001  0.8587  0.5891  0.8381  0.6043  0.3956  0.8865  1.0458  1.0226  1.9737

K20
  mean      -10.8476 -7.2789-16.6396 -7.0173 -6.7447   -7.92-10.2186 -5.9725 -8.3326 -7.0558 -1.2617 -8.1193-10.5834 -7.6392-13.8295 -7.1675-10.3803 -5.2465-10.9176  -9.845 -9.1936 -7.1244 -9.4821-11.2798 -2.9466-11.7817-18.1399-10.1693
  std. dev.   2.6285  1.4532  2.4566   1.132  0.6102  1.0775  1.0312  1.2306  1.5752  2.3561  2.8435  1.5049  1.2426  0.9849  1.5694  1.4504  1.6219  2.1654  1.5234  1.2936  1.3221  1.5417  1.6255  1.5478   1.322  1.5216  2.3065  2.1637

K21
  mean       -1.7374 -1.2088 -2.9576 -2.7976 -2.1518 -2.3431 -1.9005 -1.7878 -2.1446 -2.3637  -1.623 -1.7334 -2.1026 -2.1412 -2.7461 -1.8353 -2.4838  -1.512 -1.7447 -2.0669 -5.8361 -1.6004 -1.4708 -1.9364 -1.8065 -1.8815 -0.8254 -2.5747
  std. dev.   0.3482  0.9882  0.6277  0.5503  0.2713  0.3713  0.4214  0.2672  0.5838  0.5008  0.3352  0.1932  0.4762  0.6662  0.4429  0.3395  0.3852  0.1986  0.2854  0.4087  0.4644  0.3703   0.353  0.6953  0.2181  0.2075  0.1977  0.4844

K22
  mean        1.8131  2.4403  0.8096  -2.618 -0.7829 -1.5954 -1.0605  1.4107 -1.4155 -0.6682 -1.3709  0.6547 -0.8461 -1.6872  0.4678 -1.6637 -0.6631  1.1316    0.94 -1.4519  0.6319  0.8586  0.0699  1.7406 -0.8944  1.0811  0.4724  1.0076
  std. dev.   0.6096  1.3069  1.0842  1.3293  0.5244   0.609  0.5548  1.6432  0.9859  0.3883  0.8201  0.7324  0.4643     1.4  0.6776  0.3605   0.633  0.6813  1.1451  0.6359  0.5975   0.867  1.0859  1.2772  0.4231  0.4789  0.6325  0.7659

K23
  mean       11.7195  8.3259 10.1644  5.7477  7.1274  8.8766  7.4898  8.1589  6.7614  7.8562  5.0436  7.8482 10.3275  8.6488  9.6178  7.4236   8.432 11.0235  13.678 10.8151 14.4117 11.9875  7.8897 10.3127   7.257   11.33  10.224 10.0709
  std. dev.   1.0912  0.7679  1.3231  0.9926  0.6399  0.7046  0.7688  0.8513  1.2865  1.2965  1.3009   1.118  1.3329  1.1391  1.2803  0.9131  0.3559  1.2729  0.8636  0.9851  1.2576   1.277  0.8363  0.6578  0.7257  1.5898  1.1196  0.5481

K24
  mean       -0.9896 -3.8794  1.0557  0.8469 -0.7273   1.821  2.0878 -4.0876  0.8352  1.5371 -2.9489  -2.472  3.5144   1.958  1.0895 -0.2544 -0.3801 -1.9301  4.6721  3.9407  6.5329   2.384 -1.3509 -0.0859 -0.3918  -0.842  2.9307 -3.5713
  std. dev.   0.5287  0.7878  1.7267  1.0059  0.7154  0.8739  0.7945  1.2293  1.4461  0.8676  1.7373  0.8645  1.2714  1.0521  1.0912  0.9223  1.1234  1.4101  1.4242  1.0227  0.6564  1.5381  0.6384  2.7979  1.1115  1.7481  0.8916  1.3326

K25
  mean       15.4393 12.4437 15.7061  8.8271 10.7462 10.0758 13.4482 12.8655 11.1696 10.6472   8.074 10.9221 13.2091 11.3061 13.7928 10.6809 13.3274 12.6532 14.6411   12.34   8.056 13.1887 13.2976 14.0071  11.416 13.9547 19.5029 15.9253
  std. dev.   1.2575  1.5554  1.1665   1.161  1.1595  1.1532  1.2534  1.1283  1.1483  1.5588   2.571  1.1724   1.131  1.1725  1.0981  1.4746  1.2555  0.9626  1.0669  1.2825  0.3713  1.2122  1.3556  1.0727  1.0707  1.1865  1.9553  1.3518

K26
  mean      -11.7383 -9.9211 -6.1095  -7.096 -9.8775 -8.5034 -7.1186-12.2551 -7.9142 -9.6101-11.2521 -9.5157 -8.9401 -9.8088 -6.7675 -9.2445 -9.0664 -13.145 -9.6092  -8.055 -7.1908-11.1401-11.9675 -8.1968-11.4075  -9.665-11.2166-10.0141
  std. dev.   0.6817  1.0056   1.379  1.6046   1.291  1.6382   0.642   0.827  1.5208  1.0984  1.3396  1.3321  1.2247  1.8518  0.8934  1.0678  1.1131   0.787  1.2633  1.4496  0.6435  1.0581  0.8282  1.1692  0.9507  0.8483  1.2657  1.7993

K27
  mean        6.1531  7.0726 10.2304  1.3375  4.7273  2.4161  7.0921  6.3586  5.1191  2.0736  1.8721  4.4878  3.7453  1.2947  7.2967  2.1466  7.1332  3.3873  6.9961   3.656  6.7121  4.9294  5.5647  8.8833  3.6244  6.6015 16.7995  8.1129
  std. dev.   1.1018  1.1502  1.5267  1.8011  1.0569  0.8222  0.9738  0.9285  1.2066  0.9027  0.9872  1.3756  1.1115  0.9639  1.3451  1.2661  1.0337  1.1309  0.8534  1.3314  0.9667  0.6919   1.054   0.929  0.8382  1.0231  2.0776  0.6977

K28
  mean       -5.3443 -3.8773  -4.711 -4.6093 -7.9629 -4.6322 -4.4512 -6.8317 -5.0087 -4.7007 -6.1269 -3.1185 -5.9593 -7.2792 -5.2656 -7.9046 -8.3099 -5.8912  -4.766 -4.0786 -1.8155 -5.8155 -6.0754 -3.2851 -6.5908 -4.4491 -7.3229 -7.6877
  std. dev.   1.7603  0.8042  1.1552  1.2326  0.6113  0.9127  0.8461  1.1864  1.0271  0.6714  0.6991  1.0207  1.1815  1.0049  0.4786  0.9212  0.5134  1.3898   0.963  1.0039  0.8403  1.6588  0.8549  0.7622  0.9317  1.1606  1.3855  1.6995

K29
  mean       19.0164 13.0119 22.3783 15.4448 12.9423 17.3887  21.412 13.0797 16.8182 19.8453  9.4529 12.6933 23.4955 19.2325 18.2314 11.3312 15.6375 14.9064  26.888 21.4488 22.1065 21.7983 15.0235 18.4982  16.116 17.8837 19.5024 16.6581
  std. dev.   1.2059  1.8766  2.2097  1.9147  1.0631  1.3154  1.2046  1.1916  2.1628  2.0541  3.8656  1.4402  1.7281  2.1335  1.5523  1.3652  1.1937  2.2335  1.8181  1.5091  1.5181  1.9092  1.7417  1.7412  1.8469  1.5751  2.6439  1.8593

K30
  mean         9.428  6.4148  3.5916  1.5798  4.1748  3.4654  3.2457  9.0902  2.4511  5.1472  7.4438  5.9329   5.029  4.7206  2.4265  4.0525  4.3271  9.9029  7.3585  3.7848  1.4995  8.2057  8.1117  5.0834  8.5011  6.8307  8.1048  7.3704
  std. dev.   1.0777  0.7429  1.6896  0.9245  1.1029  0.9843   0.586  1.1967  0.9749  0.8781  1.3524  0.8532  0.3853  0.9334  0.4434  1.2827  1.3862  0.9392  1.3074  0.8859  0.5229  1.0455  0.4995  1.1652  0.6393  0.6258  0.6837  0.8545

K31
  mean        8.4149  6.2438  7.4722  3.1752  5.2631  4.1357  6.0141  6.7956  5.2303   3.798  3.8155  5.8794  5.7944   4.358   6.934  5.2258  5.9946  6.6419   6.577  5.4685  1.6256  5.6639  6.3031  7.1449  4.4211   6.662  2.5676   8.546
  std. dev.   0.8817  1.0212  0.6331  1.0303  0.7073  0.5655   0.955  0.7281  0.9088  0.6928  1.1001  0.7112  0.9536  1.4353  0.8592  0.7258   0.396   1.144  0.6699  0.6735  0.6876  0.7826  0.6456  0.7343  0.5264  0.7248  0.6655  0.9902

K32
  mean       -8.7049 -7.6387-13.0696 -2.9449 -5.4113 -4.3679 -8.4499 -6.9693 -6.3118 -3.8494  -2.166 -6.6487 -7.4856 -4.0254-10.2035 -4.3133 -8.2932  -4.636 -9.0604 -5.9701 -3.9178 -5.8936 -7.1556-10.2147 -4.4809 -9.8684-11.1727 -9.6376
  std. dev.   1.1856  1.6176  1.5635  1.1076  0.6677  0.6257  1.0645  1.2124  1.1366   1.349  1.5558  1.1068  1.4646  1.1284  1.3392  1.0979  1.4023  1.3805  1.0268  1.3501    1.21  1.1508  1.1382  1.1565  1.1946  1.1017  1.5593  1.0983



Time taken to build model (full training data) : 548.44 seconds

=== Model and evaluation on training set ===

Clustered Instances

 0        15 (  1%)
 1        45 (  4%)
 2        46 (  4%)
 3        42 (  4%)
 4        22 (  2%)
 5        62 (  6%)
 6        39 (  4%)
 7        31 (  3%)
 8        82 (  8%)
 9        23 (  2%)
10        43 (  4%)
11        30 (  3%)
12        54 (  5%)
13        59 (  5%)
14        42 (  4%)
15        32 (  3%)
16        26 (  2%)
17        34 (  3%)
18        20 (  2%)
19        80 (  7%)
20        15 (  1%)
21        43 (  4%)
22        43 (  4%)
23        32 (  3%)
24        43 (  4%)
25        36 (  3%)
26        15 (  1%)
27        26 (  2%)


Log likelihood: -48.53579


Class attribute: class
Classes to Clusters:

  0  1  2  3  4  5  6  7  8  9 10 11 12 13 14 15 16 17 18 19 20 21 22 23 24 25 26 27  <-- assigned to cluster
  0  0 26  3  0  0  0  0 13  0  0 30  0  0 42  0  0  0  0  0  0  0  0  0  0 36  0  0 | c-CS-m
  0  0  0 11  0 62  0  0  0  0  0  0  0  1  0  0  0  0  1 75  0  0  0  0  0  0  0  0 | c-SC-m
  0 45 15  0  0  0  0  0 13  0  0  0  0  0  0  0  0  0  0  0  0  0  0 32  0  0 15 15 | c-CS-s
  0  0  5 19  0  0 39  0 56  0  0  0  0  1  0  0  0  0  0  0 15  0  0  0  0  0  0  0 | c-SC-s
 12  0  0  0  0  0  0  0  0  0  9  0  0  0  0 32  3 18  4  0  0 11 43  0  0  0  0  3 | t-CS-m
  0  0  0  9  0  0  0  0  0  9  0  0 54 57  0  0  0  0  1  5  0  0  0  0  0  0  0  0 | t-SC-m
  3  0  0  0 22  0  0 31  0  0  6  0  0  0  0  0 23 12  0  0  0  0  0  0  0  0  0  8 | t-CS-s
  0  0  0  0  0  0  0  0  0 14 28  0  0  0  0  0  0  4 14  0  0 32  0  0 43  0  0  0 | t-SC-s

Cluster  0 <-- No class
Cluster  1 <-- c-CS-s
Cluster  2 <-- No class
Cluster  3 <-- No class
Cluster  4 <-- No class
Cluster  5 <-- No class
Cluster  6 <-- No class
Cluster  7 <-- t-CS-s
Cluster  8 <-- c-SC-s
Cluster  9 <-- No class
Cluster 10 <-- No class
Cluster 11 <-- No class
Cluster 12 <-- No class
Cluster 13 <-- t-SC-m
Cluster 14 <-- c-CS-m
Cluster 15 <-- No class
Cluster 16 <-- No class
Cluster 17 <-- No class
Cluster 18 <-- No class
Cluster 19 <-- c-SC-m
Cluster 20 <-- No class
Cluster 21 <-- No class
Cluster 22 <-- t-CS-m
Cluster 23 <-- No class
Cluster 24 <-- t-SC-s
Cluster 25 <-- No class
Cluster 26 <-- No class
Cluster 27 <-- No class

Incorrectly clustered instances :	688.0	 63.7037 %

