=== Run information ===

Scheme:       weka.clusterers.EM -I 100 -N -1 -X 10 -max -1 -ll-cv 1.0E-6 -ll-iter 1.0E-6 -M 1.0E-6 -K 10 -num-slots 1 -S 100
Relation:     mice-weka.filters.unsupervised.attribute.Remove-R1-weka.filters.unsupervised.attribute.NominalToBinary-R78-80-weka.filters.unsupervised.attribute.RandomProjection-M-N32-R42-DSparse1
Instances:    1080
Attributes:   33
              K1
              K2
              K3
              K4
              K5
              K6
              K7
              K8
              K9
              K10
              K11
              K12
              K13
              K14
              K15
              K16
              K17
              K18
              K19
              K20
              K21
              K22
              K23
              K24
              K25
              K26
              K27
              K28
              K29
              K30
              K31
              K32
Ignored:
              class
Test mode:    Classes to clusters evaluation on training data

=== Clustering model (full training set) ===


EM
==

Number of clusters selected by cross validation: 21
Number of iterations performed: 39


            Cluster
Attribute         0       1       2       3       4       5       6       7       8       9      10      11      12      13      14      15      16      17      18      19      20
             (0.04)  (0.05)  (0.06)  (0.08)  (0.03)   (0.1)  (0.09)  (0.01)  (0.02)  (0.04)  (0.04)  (0.04)  (0.06)  (0.01)  (0.05)  (0.07)  (0.04)  (0.03)  (0.04)  (0.05)  (0.05)
====================================================================================================================================================================================
K1
  mean       25.8176 20.4149 23.7784 18.5594 19.6108 22.6792 21.7367 20.3768 16.4754 21.8035 14.9602 18.0757 25.2329 21.1619 18.8176 19.5745  16.126 24.0183  27.895 26.0174 18.0413
  std. dev.   1.6408  1.3919  1.2259  1.6258   1.457  1.5879  1.7186  1.1041  3.1737  1.2783  1.3934   1.418  1.7572  0.7244  1.6351   1.401  1.1741  1.6865  1.4896  1.5539  1.5813

K2
  mean        2.2123   2.882  2.7395   2.027  1.9658  2.2931  3.4434  9.5851  0.9235  1.8668  3.4071  1.6268  3.6374  2.4208  5.4868  4.0725  3.7406  0.9568   2.846  1.8259  4.9789
  std. dev.   1.4433  1.1346  0.8959  0.5947  0.8952  0.6787  0.8033  0.9555  0.3334  0.5502  0.5766  0.7563  0.7575   0.503   1.756  1.4149  0.7457  0.9735  0.7492     1.1  0.7983

K3
  mean       -5.5933 -5.2573  -6.026 -2.3505 -5.3748 -2.4513  -4.371 -8.8282 -1.5747 -4.2608 -1.9682 -3.7719 -3.8175 -3.8763 -5.1569 -4.8888 -3.4008 -4.1874 -5.2139 -2.7094 -3.0158
  std. dev.   0.7997  0.7129  0.8368  0.9554   0.745  0.7777  0.6939   1.285  2.1032  0.8237  0.8437  0.4927  0.5674  0.3441  1.2239  0.6912  0.7942  0.7769  0.7399  0.4783  1.0689

K4
  mean       -10.636 -9.3598-10.9134-10.7873-10.9192-11.9838-11.8399 -9.6607 -9.9752-10.8958-10.3599 -8.7085-14.3857-15.5603-12.2121-10.0738-11.2595 -11.545-13.5782-12.4132-10.7434
  std. dev.   0.6188  0.6958  1.0187  1.0632  0.8802  1.1282  1.1519  0.5535  0.8008   0.569  0.6251  0.5707  1.3517  0.9003  1.2481  0.7221  0.5939  0.8527  1.3016  0.6192  0.8392

K5
  mean        3.7773  4.5639  4.8402  2.6428  5.3428  3.7314  4.5138  2.2689    1.57  3.8307  2.6376  3.1331  5.3826  4.7162  6.3358  3.4791  4.1908  3.6508  5.7656  3.5499  5.5802
  std. dev.   1.0473  0.7575  0.9179  1.0669  0.9678   1.027  0.8134   0.699  1.8407  0.5253  1.1061  0.4812   0.937  0.5027  1.0499  0.9426  0.9892  0.8237  1.0317  0.7614  0.6806

K6
  mean       -3.3338 -2.8799 -3.9252  -3.382   -5.61 -4.1508 -5.3227 -1.1571 -4.5618 -6.1193 -2.2974 -2.2285   -6.47 -4.5297  -4.444 -3.2639  -4.291 -4.2355 -6.4672 -4.2509 -2.8539
  std. dev.   1.2989  0.8978  1.3375  1.3511  1.0445  1.2758  1.0532  0.4753  0.7995  0.7893  1.1165  1.3106  0.9997  1.0781  0.9554  1.3039  1.0629  0.9963  0.8062  0.7134  1.0838

K7
  mean       -6.9996 -3.2875 -6.1247  -1.829 -4.0252 -3.0109 -1.4127 -7.9149 -0.3107 -1.2882 -3.9994 -4.2173 -3.0107 -1.5561 -5.1336 -5.7665 -3.4182 -2.8812 -2.0881  -3.266 -3.4474
  std. dev.   1.0838  1.0958  0.7875  1.1316  0.9491  0.5878  0.8393  1.0811  0.6686  0.3557   0.664  0.6645  0.5324  0.2798  0.8714  0.7701  0.8137    1.68  0.5606  0.4587  0.7876

K8
  mean      -16.5597-10.4248-14.7558 -6.4432 -8.6734-10.5855 -9.9241-14.9508    0.16 -5.6758 -7.6342  -6.925-14.2574 -12.412-15.4045-10.5379 -8.7236 -9.7735-14.9471 -13.508 -12.411
  std. dev.     1.93  1.6643  1.8331  2.0002  1.2336  1.2971  1.9927   2.069  4.0881  1.7548  1.5193  1.4663  1.6002  1.3275  2.2332  1.6852  1.4063  1.7906  2.9999  1.4969  1.4892

K9
  mean        4.9773  4.1369   5.705    2.43  5.5457   3.306  3.6902  5.9818  3.9613  4.6217  2.5547  3.7103  4.7302  1.3108  5.4698  3.8691  3.7113   4.359  6.1005  3.8542  3.7628
  std. dev.   0.8732   0.999  1.0435  0.4421  1.4214  0.4004  0.9847  1.0441   0.596   0.949  0.5302  0.8056  0.7481  0.8502  0.9685  0.6502  0.9405   0.557  1.0326  0.7928  0.5917

K10
  mean       13.9791 10.9441 15.2008  9.6224 10.9865 11.7266 12.1839 24.4353  5.1784  8.1956 10.2961  9.9044 13.5672 12.1465  16.908 13.4632 10.5237  8.8502 11.5218 13.2469 13.1499
  std. dev.   1.6792  1.3004   1.803  0.9317  1.5043  0.8175   1.282  2.6448  2.1112  1.2241  1.2255  1.1073   0.927  0.8242  1.7423  1.4874  2.1026  0.8526  1.0953    0.98  1.4483

K11
  mean       15.3519  10.347 12.7391  6.9248  9.1597 10.9951   9.457 12.0427  6.3479  9.8584  5.2945  8.6515 12.7671 10.2648  7.8135  9.4393  5.8321 13.0373 16.4108 13.5485  8.1549
  std. dev.   1.1388  1.0456  0.8051  1.4954  0.9853  1.2219  1.3764  0.9232  1.8596  1.0684  0.9283   0.923  1.8689  0.5404  1.2943  1.0789   1.013  1.4319   1.624  1.1205  1.6034

K12
  mean        6.3103  8.2615   6.724  3.5017  9.3165  3.5588  5.3954  6.6798  4.6967  7.0164   4.077  5.2427  5.8321  6.0548   6.702  5.6506  7.5177  7.7302  8.8841  2.7308  5.6999
  std. dev.   0.8004  1.5317  1.7049  1.1618  1.1826  1.3054  0.5811  0.6417   2.003   0.518  0.7488   1.098   0.919  0.4966   1.047  1.1085  0.7864  0.8186  1.2435  0.6967   1.351

K13
  mean       -0.5906  3.6335  2.7777  4.5396  5.2109  3.0646   5.082  5.4545  5.3602  4.6024  3.9245  3.5487  2.9927  1.5074  5.6719  3.9236  4.9303  1.8599  1.0612  1.5991  3.3907
  std. dev.    0.958  0.7809  0.7963  1.0154  0.7604  0.7865  0.7597  0.8253   0.536  0.4332  0.6631  0.7969  1.3386  0.3748  1.0165  0.6131  0.4825  0.6983  1.4786  0.7867  1.5792

K14
  mean       21.5459 15.5872 17.5121 11.3262 13.7596 14.7099 10.9448 15.8508 11.2303 14.2861  9.7054 13.4498 15.2977 22.9418 11.8536 13.2898 11.0464 18.5181 20.1584 16.7554 12.0821
  std. dev.   2.3459  1.7172  1.3119  1.4515  0.5877  1.2442  1.4595  1.1863  2.4994  1.1674  0.8183  1.1496  1.2317  0.4105  1.0221  2.0683  1.2648  1.2093   2.676  1.3875   1.233

K15
  mean        2.2614  1.4861  1.7839  0.9086  1.7396  0.4898  0.8201  4.3228  0.2959  1.9841  1.0731  1.4369 -0.1046 -4.2525  0.4372  2.2601  1.2204  1.9457  1.2515 -0.0358  0.9255
  std. dev.    0.506  0.3915  0.5196  0.8085  0.9238  0.7933  0.5614  0.9553  1.9231  0.4511  0.7059  0.4277  0.9637  0.9973   1.378  0.5704  0.4303  0.5445  0.8517  0.9748  1.1186

K16
  mean       -5.7816 -3.6584 -3.0715 -2.3319 -1.4132 -2.8083 -2.2311  1.2518  -0.519 -2.7395 -0.9252 -1.7594 -3.3992  -6.215 -0.2877   -0.17 -1.4493 -5.5243 -6.9649 -4.5121 -2.9544
  std. dev.   0.9032  1.1181  1.5329  1.0646  0.6002  0.6696  0.9229  1.4175   1.779  0.4974  0.6035  1.3593  1.0058  0.7144  1.3422   1.113  1.4449  0.9153  1.4922  0.7721  2.1534

K17
  mean        5.6924  7.9416  7.5829  1.5372  5.1155  2.6579  3.5753  9.7508 -1.0034  0.5567  3.0844  3.9886  2.9651  0.1242   6.837  4.7764  4.1965  3.0542  3.6542  3.6315  5.9771
  std. dev.   1.2578  1.6674  1.4803  1.5532   1.127  1.0048  0.9316  1.6526  1.2951  0.8219  1.2563  1.7583  0.9736  0.4235  0.9821  1.4807  0.5998  1.3127  1.3031  0.5296   0.692

K18
  mean        7.8221  7.7322   9.591  3.5298  6.8598  5.7179  6.4256  5.9421  1.4741  3.3652  3.9666  5.2392   8.362  7.3754 10.5904   6.994  4.2957  4.8144  7.6692  6.8247  6.5703
  std. dev.   0.9867   1.165  1.5637   1.475  1.1025  0.7444   1.352   0.923  0.9131  0.8843  1.0077  1.1996  1.2622  0.9787  1.8127  1.2743  1.3687  0.7035   1.758  1.4944  1.8405

K19
  mean       12.2375   6.162  9.5976  5.5164  5.5117  9.0863  6.2191  14.654  0.4457  3.5351  7.2154   4.159 11.0958  8.1253  9.4492  7.9538  6.9448  6.5107  9.4524 11.4047  8.5479
  std. dev.   1.8672  1.3843  1.5812  1.5656  0.6679  1.1246  0.9103  2.0436  1.9571  1.3024  1.6203  0.8725  1.7508  0.8741  1.0957  1.5926  1.8811  1.3512  1.4581  1.0025  1.4345

K20
  mean       16.7609 11.7637 13.1825  9.5021 10.4869 12.9483 11.0281 16.4283  8.4665 11.7775  7.8987   9.375  14.819 15.0781  9.1172 11.1848   8.639  14.044 17.3888 14.6772  9.9562
  std. dev.   0.6269  1.7769  1.2315  1.2897  0.9237   1.056  1.2762  0.8118  1.9427  0.9274   0.736  0.9724  1.4258  0.5744  1.3483  0.9795  0.9114  1.8133  1.6616  0.9479  1.0565

K21
  mean        3.4977  3.3803   3.711  3.7481   4.915  3.9461  4.2809  1.5175  4.8891  5.4688  3.3682  2.8635  4.3743  3.9762  4.3998  2.7036  4.3638  3.9801  4.9861  3.1742  4.0916
  std. dev.   0.3834  0.5641  0.7821  0.9475  0.5935  0.8733   0.712  0.5481  0.8053  0.8344  0.6445  0.5665  1.1623  0.6999  0.7635  0.5133  1.0561  0.7092  0.9528  0.6642  0.7664

K22
  mean        5.2806  9.3532  8.6772  4.2176  9.7576  3.0806  7.1032 12.8763  6.5299  8.4366  4.6672  8.5895   4.811  6.3887 10.3738  9.5812  6.1947  6.1947   6.204  2.4141  5.8263
  std. dev.   1.2805  1.4252  1.5463   1.361  0.9907  1.1055  1.0972  1.3707  1.3492   0.891   1.334  1.3131  1.3588  0.4037  2.2722  1.6743  1.5109  1.7294  1.2183  1.0706  2.4912

K23
  mean        1.2385 -1.1695 -1.4393  -2.463 -0.3704 -2.4429 -3.8322  5.8558  0.1893 -0.1707 -1.1472  0.6646 -2.9231 -1.3538 -3.2425  0.8906 -0.7157 -0.0188 -1.3509 -2.7363 -2.1804
  std. dev.   1.2025  1.9751  1.3791  0.9675  1.0189  0.9082  1.2804  1.2909  0.5003  1.0746  1.0275  1.0994  0.6651  0.9984  1.6751  0.9199  1.2942  0.9262   1.045  0.9121  1.3883

K24
  mean        2.5152  3.8268   2.417 -1.9391  4.3093 -1.6342 -0.7699  3.6386 -0.0624  0.2298 -0.3836  2.5558 -1.1719 -2.8783   0.789  1.7831  2.1202  2.1302  1.8914 -1.7374  0.6408
  std. dev.   0.4275  0.5239  1.1281  1.0392  0.5727  0.5858  0.9767  1.4237  0.1969  0.5719  0.7041  1.0664   0.675  0.4921  1.1382  0.7395  0.8563  1.4516  0.7348  0.4558  1.0603

K25
  mean        3.6337 -0.4713  0.6248 -1.4829  2.2823  0.2361 -3.5569   0.754  2.5419   0.272  1.0454  1.5252 -0.3302 -2.4869  -2.932  2.3363  0.2993  1.9895 -0.1672  -0.807 -2.8538
  std. dev.   2.0017  1.0047  1.6953  1.6672  0.7736  1.2145  1.7273  0.4665  1.6007  1.2426   1.623  1.2745  1.1313  0.3693  1.8826  1.2472  0.6194  1.5938  1.2962  1.0252  1.3777

K26
  mean         4.267   9.422  9.1851  4.4877  7.8025  4.3071  8.2329 13.3641  0.7977  3.0133   5.268  4.4798  6.3128  8.4597 13.8817  5.2259  7.9287  3.9801  7.3894  6.3967 10.3327
  std. dev.   2.8766  2.1682  2.5745  2.0648  1.5807  1.2797  2.3937  1.8019  1.0558  1.5716   2.131  2.2021  1.5793  1.4158  2.3256  1.7097  1.5004  1.1112  1.5799  1.2499  1.7319

K27
  mean        8.0415  6.8135  9.3937  5.5199  9.2811  7.2119  7.8691  6.9515  5.1819  7.2398   4.125  5.1765 10.1742  8.4108    9.02  6.4106  7.2193  8.6732 11.2902  8.0717  5.0678
  std. dev.   1.5185  1.1433  1.8383  1.2282  1.8017  0.9671  1.2884  1.6322   1.307    0.88  0.9874  1.0186  1.1485  1.0184  1.7716  1.0136  1.1864  0.9134  1.2964  1.1007  1.4605

K28
  mean        7.7643  4.9968  7.1084  6.1169  5.3913  6.4763  5.3095   12.26  3.4967  4.8727  7.1654  4.6255  7.0593  4.5861  8.3242  7.3406  6.4914  4.9075  5.5315  6.8225  6.6482
  std. dev.   0.8048  0.7538  1.0069  1.4942  0.9907  0.6912  1.1782  1.7216  1.2279  0.6404  1.0133  0.8723  0.7975  0.3228  0.9478  1.3217  1.1905  0.5625  0.4247  0.3479  0.8853

K29
  mean      -12.3457-12.0325-14.0437-12.2617-10.6443-13.6871-14.6524-14.6429 -7.7484 -10.515-11.0178 -9.8862-14.7213 -8.2899-15.1872-12.2457 -9.8467-10.2199-12.6911-15.6779-12.7067
  std. dev.   1.2772  1.2263  1.2394  0.8582   1.222  0.9662  1.3863  1.5904   1.953  1.2922  1.3836  1.7456   0.964  0.5894  1.2835  1.0279   1.215  0.9974  1.1268  0.8255  1.7956

K30
  mean        2.0315  2.1685  1.9697  3.2657  2.1366  2.9028  2.4892 -1.6389  5.9738  5.5371 -0.1665  2.8332  2.6501  4.8055 -0.3049  1.2468 -0.3263  3.5509  3.7355  3.1284 -0.7399
  std. dev.   0.8967  0.4198  0.7874  1.3473  1.1099  0.6927  0.3323  0.4292  1.1029  0.6919   0.728  1.1507  0.4697  0.3674  0.7686  0.7343  0.4015  0.6047  0.5652  0.4279  0.6762

K31
  mean       -4.6493 -7.4651 -7.0471 -3.8495 -6.5841 -4.3946 -7.1442 -5.5503 -2.9842 -5.7967 -2.0224 -4.9791 -5.5078  -3.007 -6.9816 -4.7229 -2.6967  -4.592 -6.8159 -5.2537 -5.3469
  std. dev.   1.4369  0.7787  1.1104  1.1421  1.2449  1.4666  1.4932  1.7079  1.5506  1.0019  1.5027  1.1115  1.4267  0.4224  1.3181  1.3869  1.2109  0.9476  1.1171  0.7298  0.7405

K32
  mean         8.559  8.6708    9.68  7.9913 10.0207   8.514  8.9495  5.1302  8.4348  9.2017  8.1798  8.3038  9.0071  8.9047 10.6157  8.2932  8.1741  8.9946  9.8947   8.315  9.0067
  std. dev.     0.66  2.0943   1.289  0.8598  1.1095  0.7278  0.9599  1.0054  0.5386  0.8416  0.7327  1.1141  0.5677  0.6109   1.316  1.5938  0.6703  0.7027  1.0271  0.6269  1.1514



Time taken to build model (full training data) : 317.82 seconds

=== Model and evaluation on training set ===

Clustered Instances

 0        40 (  4%)
 1        56 (  5%)
 2        60 (  6%)
 3        83 (  8%)
 4        33 (  3%)
 5       108 ( 10%)
 6        93 (  9%)
 7        15 (  1%)
 8        24 (  2%)
 9        47 (  4%)
10        43 (  4%)
11        47 (  4%)
12        68 (  6%)
13        15 (  1%)
14        53 (  5%)
15        70 (  6%)
16        44 (  4%)
17        36 (  3%)
18        40 (  4%)
19        50 (  5%)
20        55 (  5%)


Log likelihood: -49.4118


Class attribute: class
Classes to Clusters:

  0  1  2  3  4  5  6  7  8  9 10 11 12 13 14 15 16 17 18 19 20  <-- assigned to cluster
 10  0 29  0  0  0  0  0  0  0  9 15  0  0 37 17  0  0  0  0 33 | c-CS-m
  0  0  1 20  0 70  0  0  0  0  0  0  9  0  0  0  0  0  0 50  0 | c-SC-m
  0 56 16  0  0  0  0 15  0  0  3 15  0  0  9  0  0  0  0  0 21 | c-CS-s
  0  0  0 42  0  0 76  0  0  0  0  0  0 15  0  2  0  0  0  0  0 | c-SC-s
 30  0 11  0  0  0  0  0  0  0 31  5  0  0  4 51  3  0  0  0  0 | t-CS-m
  0  0  0 21  0 38 17  0  0  0  0  0 59  0  0  0  0  0  0  0  0 | t-SC-m
  0  0  3  0 33  0  0  0  0  0  0 12  0  0  3  0 41 12  0  0  1 | t-CS-s
  0  0  0  0  0  0  0  0 24 47  0  0  0  0  0  0  0 24 40  0  0 | t-SC-s

Cluster  0 <-- No class
Cluster  1 <-- c-CS-s
Cluster  2 <-- No class
Cluster  3 <-- No class
Cluster  4 <-- No class
Cluster  5 <-- c-SC-m
Cluster  6 <-- c-SC-s
Cluster  7 <-- No class
Cluster  8 <-- No class
Cluster  9 <-- t-SC-s
Cluster 10 <-- No class
Cluster 11 <-- No class
Cluster 12 <-- t-SC-m
Cluster 13 <-- No class
Cluster 14 <-- c-CS-m
Cluster 15 <-- t-CS-m
Cluster 16 <-- t-CS-s
Cluster 17 <-- No class
Cluster 18 <-- No class
Cluster 19 <-- No class
Cluster 20 <-- No class

Incorrectly clustered instances :	643.0	 59.537  %

