=== Run information ===

Scheme:       weka.clusterers.EM -I 100 -N -1 -X 10 -max -1 -ll-cv 1.0E-6 -ll-iter 1.0E-6 -M 1.0E-6 -K 10 -num-slots 1 -S 100
Relation:     mice-weka.filters.unsupervised.attribute.Remove-R1-weka.filters.unsupervised.attribute.NominalToBinary-R78-80-weka.filters.unsupervised.attribute.RandomProjection-M-N32-R5-DSparse1
Instances:    1080
Attributes:   33
              K1
              K2
              K3
              K4
              K5
              K6
              K7
              K8
              K9
              K10
              K11
              K12
              K13
              K14
              K15
              K16
              K17
              K18
              K19
              K20
              K21
              K22
              K23
              K24
              K25
              K26
              K27
              K28
              K29
              K30
              K31
              K32
Ignored:
              class
Test mode:    Classes to clusters evaluation on training data

=== Clustering model (full training set) ===


EM
==

Number of clusters selected by cross validation: 25
Number of iterations performed: 25


            Cluster
Attribute         0       1       2       3       4       5       6       7       8       9      10      11      12      13      14      15      16      17      18      19      20      21      22      23      24
             (0.02)  (0.04)  (0.02)  (0.05)  (0.01)  (0.04)  (0.07)  (0.04)  (0.06)  (0.07)  (0.04)  (0.03)  (0.04)  (0.05)  (0.01)  (0.03)  (0.05)  (0.06)  (0.03)  (0.05)  (0.03)  (0.05)  (0.02)  (0.04)  (0.04)
====================================================================================================================================================================================================================
K1
  mean       -5.6489 -4.3723 -2.4385 -3.7122 -6.6758 -6.8872 -6.4867 -6.3311  -1.894 -4.9421 -4.7672 -6.1429 -2.3139 -6.5449 -0.2513 -5.3586  -2.472 -4.9061 -4.0511 -5.9428 -6.2701 -4.8485 -4.1269 -3.8797 -6.5999
  std. dev.   1.2029  0.7504  0.5285  1.3268  1.3889  0.9238  1.1953   0.612  0.9046  1.4837  0.9476  0.9989  1.2285  1.1773  0.3003   0.471   1.592  0.4403  0.4416  1.1417  0.9845   0.994  0.9013   0.719  1.2714

K2
  mean        1.9727 -1.1666 -0.0061  2.8456  1.8577  0.6911 -1.5862 -1.5972 -1.3228 -2.6455  1.0492 -3.1549  -2.052 -1.7707  0.6247 -0.2064  0.5244 -1.7803 -3.0119 -1.8073 -4.5685 -1.3389 -2.1983 -0.2913 -0.4351
  std. dev.   1.2512  0.8115  1.3112  1.7683  1.4833  1.2776  1.2678  1.1799  1.4661  0.7211  1.0472   0.593  0.9127  1.0429  0.8898   1.038  1.2775  1.0578  0.8469  1.2362  1.1777  1.0005  1.4372  1.3786  1.1676

K3
  mean       -1.5785 -1.0216  -4.104 -6.1516 -8.2097 -3.2616  -0.946 -1.9007  1.0453  -0.222 -3.1739   3.045  0.8303  1.9452 -0.2264  -2.027 -2.1198 -0.4306  1.6071 -2.8411  0.0517  0.0463  1.1807  -3.754 -0.0563
  std. dev.   1.8065  0.5466  1.0699  2.0883  1.9054  1.1439   1.152  1.2916  1.3275  0.8636  0.9912  0.9547   1.004  1.5023  0.9812  0.7975  1.2547  0.8326  0.6135  1.4051  2.8222  1.3413  1.6472   1.052  1.5775

K4
  mean        1.7203  1.4256  2.8893  3.1375  2.2201  1.6632  0.6459  0.8525  0.7102  0.5327  2.4332 -0.6516   0.204  0.1675  1.0889   0.998  1.8189  0.4928 -0.2807  0.9018 -0.7877  0.8352 -0.4434  1.6957  0.8277
  std. dev.   0.7134  0.4856  0.6954  0.9764  1.0184  0.7554  0.7106  0.6537  0.7576  0.5698  0.6941  0.3498  0.5681  0.7552  0.6041  0.7536  0.8253  0.7702    0.77  0.7031  1.3877  1.0983  0.9214  0.5067  0.9424

K5
  mean      -15.2582-11.7457 -7.9254-12.6525-12.7087-12.5924-10.4308-10.3382-10.9084 -9.1383-13.6718-10.4006-11.1799-12.1162 -9.1047 -11.365-14.7193 -9.7715 -8.9813-10.1099 -7.0607-14.3348-11.5572  -9.202-13.7503
  std. dev.   1.5165  0.5439  1.7084  1.8788  2.0833  0.9178  0.8029   1.011   1.736  1.6192  1.0761  0.5822  1.0989   0.915   1.162  0.8533  1.6742  0.7687  0.6326   1.555  1.1042  1.5643  1.4251   1.233  1.3396

K6
  mean       11.1038  4.9103  5.7232  7.4765   9.484  10.006  8.0183  8.2959   5.835  4.7446  6.7964  3.4153  9.5214  6.3054  8.5328 10.1256 10.4144  8.7629  7.7459  4.8225  4.5178  6.3479 13.8206  7.6076  8.8867
  std. dev.   1.0305  0.6136  1.3526  1.3163  1.3879   1.795  1.1675  0.7411  1.0853  1.3492  0.9565  1.0699   1.077  1.0416  0.7203  1.2659  1.2896  1.0944  0.6953  1.0517  3.0076  0.7983  1.0481   0.827  0.9849

K7
  mean        -5.746 -6.2177 -6.6703 -7.1012-12.2376 -5.1824 -4.5592 -5.8524 -3.9601   -5.17 -6.5678 -3.8326 -3.4876 -4.3332 -1.1135 -4.6334 -5.0452 -4.5099 -3.4031 -7.2886 -4.4564 -5.8442 -3.0663 -6.6371 -5.4495
  std. dev.   0.8123  0.4624  0.9528  1.3605  1.3931  0.6737  0.6664  0.9982  0.8623  1.0378  0.7678  0.5594  0.6317  0.6627  0.6129   0.484  0.9115  0.8299  0.6566  1.1463  1.9314  0.9626  1.0197  0.8506  0.6086

K8
  mean       11.4298 10.1239  8.3495 11.4099 16.4346 10.5893  8.6835  9.8947 10.3975  7.7298 11.9464  8.4347 11.8582 10.5487  7.9998 12.0715 13.2942 10.4702 10.3169  7.7509   6.275 11.3178 11.2149  9.8043  11.219
  std. dev.   0.8302  0.6573   1.024  1.0758   1.281  0.9893  1.0225  0.6127  0.8738  1.1879  0.9218   0.975   1.119  0.8369   0.489  0.7767  0.9683  0.9702    0.72  1.1759  1.4022  1.2511  1.1477  0.9036  1.6306

K9
  mean       -3.5998  0.5028 -1.5942 -4.5437 -4.1752 -1.9112 -0.6204 -4.3364 -5.6034 -0.4525 -0.0156 -2.5919 -5.7106 -2.1531 -8.1934  -1.129 -6.0054 -0.5184 -0.9362 -2.5722 -3.0632 -5.1359 -5.7703 -3.3991 -2.1147
  std. dev.    1.395  0.9118  0.8069  1.0539  0.4829  1.4444  0.8967  0.4738  1.2302  1.2147  1.2134  1.2776   0.584  1.3943  1.1345  1.0807  0.7089  1.0471  0.7605  0.7561  2.0397   1.749  0.7328  0.7833  1.3892

K10
  mean        4.0727 -0.9743 -2.8459 -3.7561 -4.2854  2.2308  0.7916 -3.5504  -2.863 -0.3743  0.6825 -2.4073 -1.1703 -0.5753  2.5676  3.9671 -0.8305  2.4645  1.0754 -3.8176 -3.8295 -3.4316    2.87 -2.2038  1.5724
  std. dev.   1.2383  1.2819  0.9557  0.8242  0.7652  1.1839  1.0305  0.3921  1.0497   1.536  0.9886  0.5211  1.0341  1.0014  0.3869  1.2618  1.4645  1.0743  1.1335  0.4491   0.644  0.7713  1.0728  1.8534  1.5042

K11
  mean        0.0777  0.8698  3.1374  3.5082  7.4458  0.2997  0.4721  2.0164  0.1264  1.0792  0.4314 -0.7243  1.0644 -0.8084  3.6793 -0.5246  2.6039  0.1821  0.3222  2.9962  1.1801  1.6253  1.6238  2.1398 -0.2299
  std. dev.   0.5643  0.3847   0.397  1.1769  1.6987  0.7655  0.6391  0.8543  0.8529  0.6298  0.6717  0.8394  0.6669  0.4675  0.6217   0.637  0.8424  0.6701  0.5923  1.0729  1.6137  1.1424  0.6343  0.8242  0.5799

K12
  mean         8.002   6.694  6.8253  9.9374 18.4376  7.3798  6.2038  8.9138  6.3317  4.7129  7.2324  5.0165  7.7942  6.3121  6.3372  5.8517 10.0864  5.2718  5.4997   8.153  5.5034  8.9254  8.7437  6.9877  7.1629
  std. dev.   0.8359  1.6191  1.0065  1.3424  1.9675   1.189  0.7452  0.9508  1.2463  0.8682   0.818  0.8684  1.0172  0.8044  1.1194  0.9799  1.2203  1.1216  0.4224  1.4777  1.2222  1.8154  1.0002  0.9626  0.8864

K13
  mean       -1.2231  1.7723  -0.128  0.2886 -0.1344 -0.5235 -0.1608 -0.0834  1.0046  1.2012  0.7718  0.1893  0.7494 -0.4012  0.8619  0.8199  0.2712  1.4666  2.1241  0.1885  1.0017  0.2544 -1.1643  1.6445 -0.8336
  std. dev.   0.8775  0.4953  0.4427  0.9418  0.5883   0.751  1.2076  0.3844  0.6693   1.335  0.5023   0.742  0.9281   0.585  0.6014  0.5936  0.9562  0.5809  0.7002  0.6664    1.16  1.1124  0.3984  0.6659  0.7933

K14
  mean       -10.983  -4.124 -2.7477 -3.2071 -4.1605 -7.8261 -5.6332 -2.9524 -3.2513  -3.954  -5.988 -4.7712 -6.0029 -7.0702-13.4217 -9.6835 -6.5607 -8.1127 -7.1132 -2.5052  -1.551  -4.819-10.0482   -4.32 -9.0791
  std. dev.   0.9602  0.6962  1.7832  1.0333  0.6409  1.9313  1.4465  0.7462   1.023  1.4451  1.3147  1.1628   0.822  0.8393  1.1145  1.1488  0.9116   1.184  0.7644  1.4728  0.8571  1.0472   0.718   1.424   1.294

K15
  mean      -15.7936-11.8594-10.9032-15.7668-10.4829-16.1212-14.4542-12.3985-12.6313-10.2448-13.9464-10.2658-14.1088-13.0626 -9.6067-15.0691-16.1181-13.4154-13.0038-10.6084  -8.895-14.3094-14.1771-13.6111 -14.652
  std. dev.   1.1642  0.8694  1.8399  1.5849  1.0602  1.7271   1.436  1.3748  1.4346  1.2095  1.0533   1.228   0.862  1.0693  0.8711  1.0314   0.855  0.9021  0.8725  1.4197  2.2274  1.4114  0.7616  1.5634  1.8588

K16
  mean        2.4764   0.934 -0.4396 -1.4217 -1.4596  -1.723 -0.9255 -1.7579  1.2825  0.5342  0.5178  2.1226 -0.7061  2.3021  1.6039 -1.3513  0.1186 -0.7795 -1.3577 -0.4266 -1.7328  2.0793 -0.4922 -2.3051  2.7503
  std. dev.   0.8534  0.5911  1.0006  1.5488  0.3016  0.7631  0.6229  0.5431  1.3153  1.1571  0.8485   0.612   0.889   0.485  0.7692  0.5467  1.2097  0.7826  0.6846  1.0702  0.8027  1.2008  0.7362  0.5925   1.063

K17
  mean      -12.4682 -7.1101 -8.1525 -8.3453-16.0036 -12.207-11.4583-12.3879 -7.7868 -9.2719 -7.5088 -8.2397-12.5419-10.0846-10.2219  -13.32-12.2086-12.9651-12.3939-10.0024-10.5004-10.0619-17.9226-10.3946-12.2574
  std. dev.   0.5498  0.6888  1.3742  1.7434  1.5348   2.783  2.0156  1.1684  1.5951  1.5809  0.9707  0.8842  1.5112  1.2462  0.5699  1.4991  2.4828  1.6087  0.4746  2.1342  2.4674  1.4507  0.8349    0.61  1.6509

K18
  mean        0.5826 -4.4505 -2.4614  0.6431 -1.9237 -2.4112 -3.8569 -2.0657 -1.6902 -3.9369 -2.7018 -3.3432 -2.7274 -3.1147 -0.8368 -5.1887 -0.0138 -6.2151 -7.1631 -0.8621 -3.7557 -0.8565 -1.2089 -2.2257 -1.6936
  std. dev.   1.2943  1.8134  1.6534  1.7286  0.6503  1.0896  1.2869  1.2055  1.7613  1.3892  1.1948  1.5267  1.4428   0.898  0.7049  1.4049   2.147  1.4698  0.8641  1.6515  0.9681  0.7049  1.1384  1.5338  1.4682

K19
  mean       15.2451  9.4886 11.5864 16.4283  13.826 16.0791 12.7774 13.7828 10.0477   8.303 12.1277  7.0863 11.8783  9.3764 11.5343  13.286 14.3799 11.2496  9.1584 11.3076   9.086 11.7149 13.2894  12.923 11.9983
  std. dev.   1.1468   0.844  1.5815  1.8643  1.7744  1.2184  1.5219  1.2742  1.4498  1.9818  1.3289  0.9944  1.6469  1.1177  0.8181  0.9033  1.7097  0.8776  0.8396  1.3477  3.0669  1.4416  0.9553  1.1697  1.1472

K20
  mean      -17.0385 -8.5797 -7.2658 -9.6975 -5.4094-14.1532-11.1182 -7.0909 -7.6143 -9.0761-10.9967 -7.0199 -9.3287 -9.6925-13.7213-14.7256-11.6893-12.6496-10.2099 -7.3934 -5.3241 -9.2188-12.6851  -9.283-13.2865
  std. dev.   1.2589    0.88  1.0176  0.9891  1.4277  1.7287  1.3547  0.8414  1.0819  1.4776  1.1863  0.6766   1.211  0.9525  1.3854  0.9337  1.0509  0.7949  0.8896  1.0915  1.3999  1.2114  1.0247  0.9864  1.7053

K21
  mean       -6.0681 -5.1788 -5.3322 -6.5823 -5.2415  -6.853 -5.6108  -3.495  -4.892  -4.529 -6.3685 -2.5409  -4.288 -3.6741 -9.6931 -6.6261 -4.9671 -5.6791 -5.0567  -4.137 -3.1726 -3.4333 -3.6309 -5.4396 -4.5335
  std. dev.   0.5756  0.6112  0.6229  1.2328  0.4893  0.9754  0.7173  0.5711  1.5835  0.8199  0.7144  0.5121  0.8173     0.5  0.5608  0.8461  0.9733  0.5686  0.5104  0.5732  0.7799  1.0337  0.2567  0.6621  0.5134

K22
  mean       10.8303 10.6702  5.4616   9.898  8.4738 10.7149  8.8199  8.7254  9.7025   7.744 12.7046  7.7804 10.5069  9.7181   7.477 12.8432 12.1663   11.04 10.3847  6.1387  5.9563 11.1615  8.9844  8.5981 10.8099
  std. dev.   1.3458  0.7874  0.9723  1.6256  0.8599  0.8623  1.2278   0.703  1.1758  1.8674  1.2769   1.113  0.9624   0.734  1.1768  1.0522  1.1405  1.1074  0.8391  1.3115  1.7048  2.0045  1.3067  1.2928  2.0031

K23
  mean       11.4831  8.8688 10.0497 12.9651 13.0333 13.1484 10.6526 10.7853  9.0501  7.4109 10.8534  5.8159 10.7343  7.7858  9.7467 12.5347 11.9888 10.7521   9.404  8.3285  7.0577    8.99 10.7407 10.6591  9.3271
  std. dev.   0.7641  1.0245  1.2847  1.3517  0.7494  0.8524  0.9664  0.8979  1.3498   1.295   1.073  0.7772  1.0958  0.7303  0.6266  0.6318  1.1493  0.5736  0.6217  1.0903  2.3281  0.8369  0.5831  0.9628  0.8288

K24
  mean      -11.7066 -6.0931 -2.5195  -4.225  3.0377 -8.6949  -6.168  0.6606 -1.4526  -5.346 -8.6488 -1.8612 -2.6383 -4.3519  -9.813 -9.3173 -5.7949 -7.4728 -5.5632 -3.0228  0.4692 -2.8749 -5.4671  -4.954 -7.3655
  std. dev.   1.5681  1.1257  2.0498  1.9685  0.9358  1.1975  1.0961  0.9817   1.738     1.7   1.096  0.6738  1.3832  1.4795  1.4664  1.2623  1.7777  1.0816  1.0092  1.6034  1.6872  1.3099  1.5596  1.5297  1.8022

K25
  mean        0.1917 -0.9134 -0.4412  0.6777  2.4092 -0.2813 -0.5287  0.8489 -1.2145 -0.4827   -0.44  0.7791 -2.0099  0.2639 -1.1355 -3.0069 -0.9751 -2.8116 -3.2174  3.0905  1.4259  1.9435 -0.8121  0.3503  0.7776
  std. dev.   0.6369  1.5253  0.8545  1.3388  1.1716  0.7168  0.8387  0.7804  1.3746  1.1087  0.6089  0.9441  0.9087  0.8551  0.4474  0.8539  1.1348  1.1838  0.7653  0.7764   1.032  0.7745  0.7105   0.528  0.7676

K26
  mean       17.2664 11.9603 12.3584 16.0205 25.1829 15.0982 13.3798 16.6933  14.748 11.0607 13.1939 12.8016  16.812 14.9648 14.3909 14.7082  18.007 13.5147 13.2517 14.3791 12.4608 16.6289 18.4937 13.9016 16.6815
  std. dev.   0.8448  0.8903  1.1916  1.4434  2.0754  1.3297  1.0058  0.9059  1.2598  1.1534  0.9433  1.0143  1.2666  1.4171  0.4554  0.5843  1.2356  0.7737  0.9513  1.5677  2.0489  1.0735  2.1605  0.8067  1.7094

K27
  mean        4.0486  2.5874  3.3891   6.038  5.6277  4.3218  2.7855  4.0996  3.5684  1.7502  4.4688  1.5837  3.4247  2.7293  3.2658  3.8131  5.1109  2.9022  2.1435  3.8048  2.1807   4.544  2.6928  4.5137  3.6843
  std. dev.    0.789  1.6337  0.9452  0.8436  1.3679  0.6464  0.6054  0.7803  0.8372  0.7983  0.7245  0.4014  0.5015  0.4455  0.6396  0.8707  0.6834  0.8876  0.6156  0.9362  1.2238  1.3044  0.5845  0.7145  0.9676

K28
  mean       -4.1475 -5.5775 -4.9692 -4.6681 -7.0161 -4.6366 -4.7738 -2.1015 -3.1502 -5.1884  -5.701 -2.9785 -4.3132 -3.4459 -5.2967 -6.4888 -5.1099 -6.3418  -7.009 -3.5801 -2.8059 -3.0339 -3.1642 -5.1874 -4.0308
  std. dev.   0.6709  0.5484   0.885  0.8831  1.2907  0.6292  0.5387  0.4639  0.5674  0.8337   0.399  0.5349  1.4058  0.4006  0.2702   0.922  1.2869  0.9415  0.9394  0.5938  1.1875  1.4119  0.8773  0.5065  0.8307

K29
  mean        2.2009  3.0223  3.4646  3.4084  6.8852  -0.388 -1.1347  0.8688  3.0205  1.3541  2.3629  0.7077  1.8731  0.7384  2.6813  1.3468  3.0655  1.3425  0.8469  2.3741  0.1194  2.7486  0.7539  2.4981   1.604
  std. dev.    0.376  1.4602  1.1151  1.0958  1.0305  0.7373  1.1432  0.3906  0.8757  1.4541  0.3559  0.7773  1.1569  0.7138  0.3133  0.5187  1.1478  0.5859  0.4427  0.8861  0.4057  1.0759  0.3714  0.9388  0.4957

K30
  mean       13.5915  9.1052  9.7218 12.3692 15.3461 12.6724 10.6991 11.2014  8.3095  7.6736  10.432  7.9552  9.6309  9.7565 10.1409 10.0109 11.3668  8.6864  7.9029 10.1734  7.8135  9.8998 11.4463  9.5582 11.1005
  std. dev.   0.8301  1.4554    1.02  1.3537  1.7062  0.9384  0.8491  0.8236  1.1896  1.0637  0.7988  0.5889  1.0532  0.6315  0.6746  0.7182  0.9207  0.8248  0.4792  0.8741  1.7168  1.2323  0.5378  0.7882  0.7915

K31
  mean       -13.129 -7.4318 -4.8855 -7.9274 -7.4945 -10.787 -9.0022 -9.5627 -8.8328 -5.4326 -8.8767 -8.9031-10.2261-10.9399 -5.8433 -8.9632-10.7169 -7.6884 -7.2688 -6.4223  -5.934-10.7838-12.3924 -5.4736-12.0582
  std. dev.   1.0154  0.5102  0.7479  1.3511  0.4188  0.6824  1.0269  0.8302  0.7872  1.1457  0.6554  0.9921  1.3245  0.9903  0.2041  0.5561  1.0581  0.7084  0.5707  0.7437  1.4857  0.9295   1.425  0.7316  1.3115

K32
  mean      -23.6579-15.8072-13.4083-16.7646-15.7315-19.3129-14.8968 -9.7195-12.6683 -13.441-20.3261 -9.7193-13.0948-14.1752-21.9247-20.5989-17.0792  -17.66-14.5969-10.3553 -5.6595-12.9608-14.7438-15.6602-18.4824
  std. dev.   1.7487  1.8336   1.983  2.4881   2.259  1.7955  1.8111  1.8144  1.9342  2.1219   1.858  1.3312  1.6812  1.5509  1.1144  1.2181  1.7376  1.0658  0.9585  1.7105  2.8768  2.0882  1.9088  1.8284  2.1396



Time taken to build model (full training data) : 442.06 seconds

=== Model and evaluation on training set ===

Clustered Instances

 0        24 (  2%)
 1        44 (  4%)
 2        19 (  2%)
 3        55 (  5%)
 4        15 (  1%)
 5        48 (  4%)
 6        80 (  7%)
 7        44 (  4%)
 8        63 (  6%)
 9        77 (  7%)
10        42 (  4%)
11        29 (  3%)
12        41 (  4%)
13        51 (  5%)
14        15 (  1%)
15        28 (  3%)
16        51 (  5%)
17        64 (  6%)
18        37 (  3%)
19        53 (  5%)
20        33 (  3%)
21        55 (  5%)
22        27 (  3%)
23        39 (  4%)
24        46 (  4%)


Log likelihood: -48.72414


Class attribute: class
Classes to Clusters:

  0  1  2  3  4  5  6  7  8  9 10 11 12 13 14 15 16 17 18 19 20 21 22 23 24  <-- assigned to cluster
  0  0 11 35  0  0  0  0 18  5  0  0 27  0  0  0 24  0  0  0  0  0  0 30  0 | c-CS-m
  0  0  0  0  0  0  0  0  0 21  0  0  0  0  0 28  0 64 37  0  0  0  0  0  0 | c-SC-m
  0  0  8 11 15  0  0  0 45  4  0  0  5  0  0  0 20  0  0  1  0 17  0  9  0 | c-CS-s
  0 44  0  0  0  0  0  0  0 34 42  0  0  0 15  0  0  0  0  0  0  0  0  0  0 | c-SC-s
  0  0  0  4  0  3  0 44  0  0  0  0  9  0  0  0  6  0  0 12 30  0 27  0  0 | t-CS-m
  0  0  0  0  0 45 80  0  0 10  0  0  0  0  0  0  0  0  0  0  0  0  0  0  0 | t-SC-m
  0  0  0  5  0  0  0  0  0  0  0  6  0  6  0  0  1  0  0 40  0 38  0  0  9 | t-CS-s
 24  0  0  0  0  0  0  0  0  3  0 23  0 45  0  0  0  0  0  0  3  0  0  0 37 | t-SC-s

Cluster  0 <-- No class
Cluster  1 <-- c-SC-s
Cluster  2 <-- No class
Cluster  3 <-- c-CS-m
Cluster  4 <-- No class
Cluster  5 <-- No class
Cluster  6 <-- t-SC-m
Cluster  7 <-- t-CS-m
Cluster  8 <-- c-CS-s
Cluster  9 <-- No class
Cluster 10 <-- No class
Cluster 11 <-- No class
Cluster 12 <-- No class
Cluster 13 <-- t-SC-s
Cluster 14 <-- No class
Cluster 15 <-- No class
Cluster 16 <-- No class
Cluster 17 <-- c-SC-m
Cluster 18 <-- No class
Cluster 19 <-- t-CS-s
Cluster 20 <-- No class
Cluster 21 <-- No class
Cluster 22 <-- No class
Cluster 23 <-- No class
Cluster 24 <-- No class

Incorrectly clustered instances :	683.0	 63.2407 %

