=== Run information ===

Scheme:       weka.classifiers.bayes.NaiveBayes 
Relation:     mice-weka.filters.unsupervised.attribute.Remove-R1-weka.filters.unsupervised.attribute.NominalToBinary-R78-80-weka.filters.unsupervised.attribute.RandomProjection-M-N32-R5-DSparse1
Instances:    1080
Attributes:   33
              K1
              K2
              K3
              K4
              K5
              K6
              K7
              K8
              K9
              K10
              K11
              K12
              K13
              K14
              K15
              K16
              K17
              K18
              K19
              K20
              K21
              K22
              K23
              K24
              K25
              K26
              K27
              K28
              K29
              K30
              K31
              K32
              class
Test mode:    10-fold cross-validation

=== Classifier model (full training set) ===

Naive Bayes Classifier

                 Class
Attribute       c-CS-m  c-SC-m  c-CS-s  c-SC-s  t-CS-m  t-SC-m  t-CS-s  t-SC-s
                (0.14)  (0.14)  (0.13)  (0.13)  (0.13)  (0.13)   (0.1)  (0.13)
===============================================================================
K1
  mean          -2.9867 -4.7008 -2.8976 -4.2524 -5.6356 -6.6076 -5.2565 -6.5775
  std. dev.      1.0426  0.6398  2.0595  1.8378  1.3434  1.0953  0.9718  1.1691
  weight sum        150     150     135     135     135     135     105     135
  precision      0.0097  0.0097  0.0097  0.0097  0.0097  0.0097  0.0097  0.0097

K2
  mean          -0.2273  -1.922  0.1006  -0.649 -2.0818 -0.9242 -1.6496 -0.9113
  std. dev.      2.1634  1.3647  2.2784  1.7102  1.8825  1.6907  1.3717   2.109
  weight sum        150     150     135     135     135     135     105     135
  precision      0.0163  0.0163  0.0163  0.0163  0.0163  0.0163  0.0163  0.0163

K3
  mean           -2.534 -0.1973 -2.1687 -1.2885 -1.1674 -1.6655 -0.5644  0.8658
  std. dev.      2.7317  1.4193  3.7693  1.5619  2.2229  1.5724  2.5324  2.3712
  weight sum        150     150     135     135     135     135     105     135
  precision      0.0199  0.0199  0.0199  0.0199  0.0199  0.0199  0.0199  0.0199

K4
  mean           1.6334  0.3551  1.5241  1.5124   0.373   0.955  0.7322  0.5467
  std. dev.      1.2847  0.8802  1.3094  0.8811  1.0457  0.8461  1.2251  1.2531
  weight sum        150     150     135     135     135     135     105     135
  precision      0.0105  0.0105  0.0105  0.0105  0.0105  0.0105  0.0105  0.0105

K5
  mean         -10.4634 -9.5972-12.7916-11.7814 -9.9979-10.9745-12.5644-12.6167
  std. dev.      2.4046   1.311  2.4416  1.7357  2.2323  1.5272  2.2319  2.1957
  weight sum        150     150     135     135     135     135     105     135
  precision       0.013   0.013   0.013   0.013   0.013   0.013   0.013   0.013

K6
  mean           8.2801  8.3475  6.9925  5.6367  9.0296  8.3078  5.7266  6.9829
  std. dev.      1.8423  1.6419  1.9997    1.75  3.2088  1.6866   1.702  3.2528
  weight sum        150     150     135     135     135     135     105     135
  precision      0.0194  0.0194  0.0194  0.0194  0.0194  0.0194  0.0194  0.0194

K7
  mean          -5.1917 -4.2171 -6.5078 -5.6606 -4.9972  -4.697 -6.1431  -4.737
  std. dev.      1.4976  0.8628  2.6784  1.7351  1.6527  0.6834  1.4925  1.2664
  weight sum        150     150     135     135     135     135     105     135
  precision      0.0142  0.0142  0.0142  0.0142  0.0142  0.0142  0.0142  0.0142

K8
  mean          11.1477 10.3096 11.7289 10.0384  9.4137  9.0532  9.6261  10.221
  std. dev.        1.92  1.5558  2.3255  1.6887  2.1645  1.5264  1.9332  1.8251
  weight sum        150     150     135     135     135     135     105     135
  precision      0.0132  0.0132  0.0132  0.0132  0.0132  0.0132  0.0132  0.0132

K9
  mean          -4.4121 -0.6461 -4.8497 -0.8926  -4.247  -0.949 -4.3407  -2.148
  std. dev.      1.4842  1.0455  1.8293  2.8643  1.7245   1.179  1.5384  1.3507
  weight sum        150     150     135     135     135     135     105     135
  precision       0.011   0.011   0.011   0.011   0.011   0.011   0.011   0.011

K10
  mean          -2.6189  2.0979 -2.3826  0.0375 -1.8806  1.1949 -3.1049  0.6036
  std. dev.      1.5009   1.623  1.7075  1.6091  2.7924  1.2694  1.3601  2.6005
  weight sum        150     150     135     135     135     135     105     135
  precision      0.0125  0.0125  0.0125  0.0125  0.0125  0.0125  0.0125  0.0125

K11
  mean           2.2514  0.2251  2.1527   1.062  1.9271  0.4263  1.9285   -0.66
  std. dev.      1.3789  0.7834  2.4179  1.1241  1.0839  0.6824  1.3843  0.6931
  weight sum        150     150     135     135     135     135     105     135
  precision      0.0126  0.0126  0.0126  0.0126  0.0126  0.0126  0.0126  0.0126

K12
  mean           8.0084  5.2941  8.7903  6.3122  8.2118  6.4037  8.6713  6.4659
  std. dev.      2.0141  1.0586   3.811  1.5181  1.8444  0.9788  1.7911  1.4293
  weight sum        150     150     135     135     135     135     105     135
  precision       0.018   0.018   0.018   0.018   0.018   0.018   0.018   0.018

K13
  mean           1.0776  1.5452  0.6914  1.3149  -0.246 -0.3118 -0.2817  -0.469
  std. dev.      0.8041  0.7694  0.9455  0.7394  0.9496  1.0653  0.5898  1.1116
  weight sum        150     150     135     135     135     135     105     135
  precision      0.0072  0.0072  0.0072  0.0072  0.0072  0.0072  0.0072  0.0072

K14
  mean          -4.4299  -7.666 -4.1974  -5.735 -4.5264 -6.0792 -4.4199 -7.7227
  std. dev.      1.7397  1.8233  1.7414  3.0531   3.313  2.0394  2.4644  2.5305
  weight sum        150     150     135     135     135     135     105     135
  precision      0.0148  0.0148  0.0148  0.0148  0.0148  0.0148  0.0148  0.0148

K15
  mean         -14.5119-13.1944-12.9958-11.7384-12.6483-14.7979-12.3976-13.1597
  std. dev.      1.9178  1.6287  2.3924  1.9814  2.4289  1.9229  2.2636  2.8414
  weight sum        150     150     135     135     135     135     105     135
  precision      0.0168  0.0168  0.0168  0.0168  0.0168  0.0168  0.0168  0.0168

K16
  mean          -1.4766 -0.8716   0.842  0.8541 -1.4585 -1.0789  1.2665  2.4799
  std. dev.      1.0206  0.8936    1.61  0.8183  0.7917  0.8757  1.3547  0.9167
  weight sum        150     150     135     135     135     135     105     135
  precision      0.0101  0.0101  0.0101  0.0101  0.0101  0.0101  0.0101  0.0101

K17
  mean          -10.875-12.5034 -9.3157 -7.9261-13.3049-11.4078-10.0833-10.3063
  std. dev.        2.48  1.6124  3.1351   1.443   2.693  2.1316  2.2067  2.0685
  weight sum        150     150     135     135     135     135     105     135
  precision      0.0157  0.0157  0.0157  0.0157  0.0157  0.0157  0.0157  0.0157

K18
  mean          -2.4559 -6.1341 -0.4095 -3.2872 -1.8678  -3.361 -0.5764  -2.289
  std. dev.      1.6521  1.4617  1.9047  1.7089  1.6294  1.3114  1.4097  2.0129
  weight sum        150     150     135     135     135     135     105     135
  precision      0.0159  0.0159  0.0159  0.0159  0.0159  0.0159  0.0159  0.0159

K19
  mean          13.4254 10.8272 11.6261   9.828 13.1367 13.6689 11.3398 10.5107
  std. dev.      2.4482  1.7363   2.534   2.456  2.3554  2.2287  1.7972   3.345
  weight sum        150     150     135     135     135     135     105     135
  precision      0.0213  0.0213  0.0213  0.0213  0.0213  0.0213  0.0213  0.0213

K20
  mean          -9.2711-12.0475 -8.8649 -9.9808   -8.37-11.9497 -8.5241 -11.499
  std. dev.      1.8271  1.9286   2.172  2.0713  2.8123  2.1842  1.6939  3.8303
  weight sum        150     150     135     135     135     135     105     135
  precision      0.0165  0.0165  0.0165  0.0165  0.0165  0.0165  0.0165  0.0165

K21
  mean          -5.1078 -5.5978 -5.2067 -5.7779 -3.8215 -6.0794 -3.6797 -4.1745
  std. dev.      1.3507  0.8525  1.3964  1.7575  0.8156  0.9681  1.0621  1.2223
  weight sum        150     150     135     135     135     135     105     135
  precision      0.0095  0.0095  0.0095  0.0095  0.0095  0.0095  0.0095  0.0095

K22
  mean           9.7764 10.7206 10.0467 10.5389  8.1748  9.1892  8.5351  9.6401
  std. dev.      2.1615  1.8625  2.3675  2.1182  2.0007  1.7978  2.5088  1.8374
  weight sum        150     150     135     135     135     135     105     135
  precision      0.0119  0.0119  0.0119  0.0119  0.0119  0.0119  0.0119  0.0119

K23
  mean          11.4183 10.4385 10.1188  8.9798 10.3214   11.27  8.3644  8.3249
  std. dev.      1.6656  1.4155  1.9164  1.9446  1.8141  1.7683  1.1261  2.3539
  weight sum        150     150     135     135     135     135     105     135
  precision      0.0154  0.0154  0.0154  0.0154  0.0154  0.0154  0.0154  0.0154

K24
  mean          -3.1375   -6.96 -3.4051 -7.4035 -1.5132 -6.8662 -3.2088 -6.2531
  std. dev.      2.0064  1.8736  3.3088  1.8151  2.8707  1.8332  1.6415  3.6791
  weight sum        150     150     135     135     135     135     105     135
  precision      0.0183  0.0183  0.0183  0.0183  0.0183  0.0183  0.0183  0.0183

K25
  mean          -1.0519  -2.799  0.1985 -0.5719  0.7002 -0.4217  2.4087  0.4788
  std. dev.      1.2032  1.1153  1.6144  1.0678   1.326  0.8057  1.0893  0.9008
  weight sum        150     150     135     135     135     135     105     135
  precision      0.0122  0.0122  0.0122  0.0122  0.0122  0.0122  0.0122  0.0122

K26
  mean          15.4387 13.3266 16.5971 12.2036 16.1812 13.7486 15.8323 14.9214
  std. dev.      2.1876  1.2999  3.6345  1.5832  2.4282  1.3129  2.0297  2.1699
  weight sum        150     150     135     135     135     135     105     135
  precision      0.0202  0.0202  0.0202  0.0202  0.0202  0.0202  0.0202  0.0202

K27
  mean           4.4791  2.7073  4.4071  3.0576  3.6056  3.1633  3.8843  2.8982
  std. dev.       1.292  1.0773  1.3422  1.5093   1.184  1.0909  1.3629   1.247
  weight sum        150     150     135     135     135     135     105     135
  precision      0.0123  0.0123  0.0123  0.0123  0.0123  0.0123  0.0123  0.0123

K28
  mean          -4.9486 -6.4137 -4.5119  -5.586  -2.772  -4.728  -3.013 -3.6138
  std. dev.      0.9113  1.0139   1.551  0.4531  0.9567  0.5318  0.8679  0.8062
  weight sum        150     150     135     135     135     135     105     135
  precision       0.008   0.008   0.008   0.008   0.008   0.008   0.008   0.008

K29
  mean           2.3944  1.2631   4.313  2.4415  0.6882 -0.9384  2.3517  1.1192
  std. dev.       0.616  0.5826  1.1693  1.1703  0.5853   1.039  0.7079  0.8616
  weight sum        150     150     135     135     135     135     105     135
  precision       0.013   0.013   0.013   0.013   0.013   0.013   0.013   0.013

K30
  mean          10.0844   8.552 10.1741  9.1573 10.7138 11.2443   10.26 10.3849
  std. dev.      1.6824  1.1085  2.5728  1.6253  1.6529  1.3203  1.1472   2.233
  weight sum        150     150     135     135     135     135     105     135
  precision      0.0142  0.0142  0.0142  0.0142  0.0142  0.0142  0.0142  0.0142

K31
  mean           -7.654 -7.4741 -8.5613 -7.2082 -9.4377 -9.3924 -9.4283-10.9059
  std. dev.      2.1038  1.2528  1.9996  1.5155  2.7159  1.4834  2.6496  1.9636
  weight sum        150     150     135     135     135     135     105     135
  precision      0.0108  0.0108  0.0108  0.0108  0.0108  0.0108  0.0108  0.0108

K32
  mean         -14.4138-16.9179 -15.632-17.5265-10.7122-16.0391 -11.609-16.2955
  std. dev.      2.4424  2.5746  2.8686  3.3323   3.683  3.0839  2.2203  5.4414
  weight sum        150     150     135     135     135     135     105     135
  precision      0.0274  0.0274  0.0274  0.0274  0.0274  0.0274  0.0274  0.0274



Time taken to build model: 0.01 seconds

=== Stratified cross-validation ===
=== Summary ===

Correctly Classified Instances        1010               93.5185 %
Incorrectly Classified Instances        70                6.4815 %
Kappa statistic                          0.9258
Mean absolute error                      0.0172
Root mean squared error                  0.1162
Relative absolute error                  7.8534 %
Root relative squared error             35.1542 %
Coverage of cases (0.95 level)          96.6667 %
Mean rel. region size (0.95 level)      13.6458 %
Total Number of Instances             1080     

=== Detailed Accuracy By Class ===

                 TP Rate  FP Rate  Precision  Recall   F-Measure  MCC      ROC Area  PRC Area  Class
                 0.893    0.002    0.985      0.893    0.937      0.929    0.999     0.993     c-CS-m
                 0.933    0.000    1.000      0.933    0.966      0.961    0.999     0.997     c-SC-m
                 0.941    0.025    0.841      0.941    0.888      0.873    0.991     0.925     c-CS-s
                 0.970    0.016    0.897      0.970    0.932      0.923    0.991     0.981     c-SC-s
                 0.933    0.008    0.940      0.933    0.937      0.928    0.997     0.988     t-CS-m
                 0.985    0.000    1.000      0.985    0.993      0.992    1.000     1.000     t-SC-m
                 0.800    0.005    0.944      0.800    0.866      0.856    0.991     0.952     t-CS-s
                 1.000    0.017    0.894      1.000    0.944      0.937    1.000     0.998     t-SC-s
Weighted Avg.    0.935    0.009    0.939      0.935    0.935      0.927    0.996     0.980     

=== Confusion Matrix ===

   a   b   c   d   e   f   g   h   <-- classified as
 134   0   9   0   7   0   0   0 |   a = c-CS-m
   0 140   0  10   0   0   0   0 |   b = c-SC-m
   1   0 127   5   0   0   2   0 |   c = c-CS-s
   0   0   4 131   0   0   0   0 |   d = c-SC-s
   1   0   5   0 126   0   3   0 |   e = t-CS-m
   0   0   0   0   1 133   0   1 |   f = t-SC-m
   0   0   6   0   0   0  84  15 |   g = t-CS-s
   0   0   0   0   0   0   0 135 |   h = t-SC-s

