=== Run information ===

Scheme:       weka.classifiers.bayes.NaiveBayes 
Relation:     mice-weka.filters.unsupervised.attribute.Remove-R1-weka.filters.unsupervised.attribute.NominalToBinary-R78-80-weka.filters.unsupervised.attribute.RandomSubset-N32.0-S10
Instances:    1080
Attributes:   33
              NR1_N
              pCAMKII_N
              pMEK_N
              pNR1_N
              BRAF_N
              CREB_N
              ELK_N
              ERK_N
              MEK_N
              TRKA_N
              APP_N
              SOD1_N
              P38_N
              pMTOR_N
              NR2B_N
              RAPTOR_N
              NUMB_N
              pPKCG_N
              CDK5_N
              ADARB1_N
              AcetylH3K9_N
              BAX_N
              GFAP_N
              GluR4_N
              SNCA_N
              pGSK3B_Tyr216_N
              BAD_N
              BCL2_N
              pS6_N
              SYP_N
              H3AcK18_N
              Treatment=Saline
              class
Test mode:    10-fold cross-validation

=== Classifier model (full training set) ===

Naive Bayes Classifier

                     Class
Attribute           c-CS-m  c-SC-m  c-CS-s  c-SC-s  t-CS-m  t-SC-m  t-CS-s  t-SC-s
                    (0.14)  (0.14)  (0.13)  (0.13)  (0.13)  (0.13)   (0.1)  (0.13)
===================================================================================
NR1_N
  mean               2.3818  2.1456  2.4179   2.405  2.1965  2.3796  2.1846  2.2487
  std. dev.            0.32  0.2853  0.3675  0.3517  0.3785  0.2575  0.2746  0.3806
  weight sum            150     150     135     135     135     135     105     132
  precision          0.0023  0.0023  0.0023  0.0023  0.0023  0.0023  0.0023  0.0023

pCAMKII_N
  mean               2.9162  4.7365  2.9357  3.3613  3.1217  4.2773  2.4891  4.1763
  std. dev.          0.9236  0.8445  0.7042  0.8619  1.5007  1.0148   0.752  1.5259
  weight sum            150     150     135     135     135     135     105     132
  precision          0.0057  0.0057  0.0057  0.0057  0.0057  0.0057  0.0057  0.0057

pMEK_N
  mean               0.2681  0.2861   0.257  0.2764  0.2517  0.3136  0.2517  0.2905
  std. dev.            0.03  0.0427  0.0619   0.036  0.0327   0.037  0.0397  0.0449
  weight sum            150     150     135     135     135     135     105     132
  precision          0.0004  0.0004  0.0004  0.0004  0.0004  0.0004  0.0004  0.0004

pNR1_N
  mean               0.8604  0.8014  0.8564  0.8711  0.7715  0.8621  0.7646  0.8038
  std. dev.          0.1098  0.0941   0.129  0.1115  0.1205  0.0863  0.0939  0.1323
  weight sum            150     150     135     135     135     135     105     132
  precision          0.0008  0.0008  0.0008  0.0008  0.0008  0.0008  0.0008  0.0008

BRAF_N
  mean               0.4259  0.2645  0.5316  0.2677  0.5379  0.2953  0.4367  0.2868
  std. dev.          0.1182  0.0536  0.4714  0.0481  0.1224  0.0498  0.1336  0.0518
  weight sum            150     150     135     135     135     135     105     132
  precision          0.0019  0.0019  0.0019  0.0019  0.0019  0.0019  0.0019  0.0019

CREB_N
  mean               0.1772  0.1841  0.1776  0.1771  0.1779  0.1952  0.1649  0.1867
  std. dev.          0.0211  0.0344   0.029  0.0201  0.0213  0.0271  0.0179  0.0238
  weight sum            150     150     135     135     135     135     105     132
  precision          0.0002  0.0002  0.0002  0.0002  0.0002  0.0002  0.0002  0.0002

ELK_N
  mean               1.2426  1.0368  1.2927  1.2304  1.0626  1.1578  1.2355   1.163
  std. dev.          0.3843  0.1771  0.4869  0.2892  0.3266  0.2081  0.3569  0.2971
  weight sum            150     150     120     135     135     135     105     132
  precision          0.0022  0.0022  0.0022  0.0022  0.0022  0.0022  0.0022  0.0022

ERK_N
  mean               2.8571   2.038  2.8647  2.3609  2.2937  2.3681  2.6981  2.3683
  std. dev.          0.7205  0.4422  0.6705  0.5448  0.5685  0.4944  0.6338  0.5974
  weight sum            150     150     135     135     135     135     105     132
  precision          0.0038  0.0038  0.0038  0.0038  0.0038  0.0038  0.0038  0.0038

MEK_N
  mean               0.2712  0.2611  0.2777  0.2725   0.259  0.2898  0.2629  0.2879
  std. dev.          0.0344  0.0359  0.0531    0.04  0.0383  0.0337  0.0396  0.0396
  weight sum            150     150     131     135     135     135     105     132
  precision          0.0003  0.0003  0.0003  0.0003  0.0003  0.0003  0.0003  0.0003

TRKA_N
  mean                0.726  0.6186  0.7056  0.6833  0.6892  0.7236  0.7075  0.6996
  std. dev.          0.1035  0.0928   0.136  0.1179  0.1339  0.1093  0.1057  0.1243
  weight sum            150     150     135     135     135     135     105     132
  precision          0.0007  0.0007  0.0007  0.0007  0.0007  0.0007  0.0007  0.0007

APP_N
  mean               0.3966  0.3509  0.3899  0.3612  0.4342  0.4398  0.4415  0.4401
  std. dev.          0.0377  0.0459  0.0509  0.0473  0.0552  0.0427  0.0493  0.0681
  weight sum            150     150     135     135     135     135     105     132
  precision          0.0004  0.0004  0.0004  0.0004  0.0004  0.0004  0.0004  0.0004

SOD1_N
  mean               0.3307  0.6209  0.3248  0.8561  0.3078  0.8322  0.3158  0.7214
  std. dev.           0.035  0.1072  0.0492  0.2288  0.0327  0.2931  0.0324  0.2437
  weight sum            150     150     135     135     135     135     105     132
  precision          0.0015  0.0015  0.0015  0.0015  0.0015  0.0015  0.0015  0.0015

P38_N
  mean               0.4038  0.4828  0.3662  0.4637  0.3473  0.4945  0.3089  0.4256
  std. dev.          0.0489  0.0784  0.0496  0.0738   0.053  0.0898  0.0391  0.0666
  weight sum            150     150     135     135     135     135     105     132
  precision          0.0007  0.0007  0.0007  0.0007  0.0007  0.0007  0.0007  0.0007

pMTOR_N
  mean                0.761  0.8285  0.7347  0.7892  0.6635  0.8827  0.6398   0.738
  std. dev.          0.0703  0.0793   0.088  0.0973  0.0702  0.0667  0.1702  0.1244
  weight sum            150     150     135     135     135     135     105     132
  precision          0.0009  0.0009  0.0009  0.0009  0.0009  0.0009  0.0009  0.0009

NR2B_N
  mean               0.5934  0.5755  0.5559   0.597  0.5064  0.6279  0.4698  0.5714
  std. dev.          0.0663  0.0679  0.0716  0.0711  0.0668  0.0757  0.1008  0.0853
  weight sum            150     150     135     135     135     135     105     132
  precision          0.0007  0.0007  0.0007  0.0007  0.0007  0.0007  0.0007  0.0007

RAPTOR_N
  mean               0.3277  0.3241   0.322  0.3072  0.2792  0.3555  0.2722   0.327
  std. dev.          0.0504  0.0489  0.0528   0.039   0.033  0.0531  0.0309  0.0646
  weight sum            150     150     135     135     135     135     105     132
  precision          0.0003  0.0003  0.0003  0.0003  0.0003  0.0003  0.0003  0.0003

NUMB_N
  mean               0.1845  0.1635  0.1908  0.1745  0.1756  0.1733   0.208  0.1859
  std. dev.          0.0303  0.0201   0.036  0.0224  0.0232  0.0203  0.0298   0.028
  weight sum            150     150     135     135     135     135     105     135
  precision          0.0002  0.0002  0.0002  0.0002  0.0002  0.0002  0.0002  0.0002

pPKCG_N
  mean               1.4864   1.649  1.7143  1.3759  1.7296  1.5375  1.8369  2.3829
  std. dev.           0.644  0.2384  0.5908  0.3265  0.6673  0.1673  0.7765  0.2927
  weight sum            150     150     135     135     135     135     105     135
  precision          0.0026  0.0026  0.0026  0.0026  0.0026  0.0026  0.0026  0.0026

CDK5_N
  mean               0.3033  0.2692  0.3101  0.2761  0.2907  0.2817  0.3144  0.3002
  std. dev.           0.032    0.03  0.0573  0.0262  0.0308   0.025  0.0327  0.0281
  weight sum            150     150     135     135     135     135     105     135
  precision          0.0006  0.0006  0.0006  0.0006  0.0006  0.0006  0.0006  0.0006

ADARB1_N
  mean               1.3536  1.0322  1.3694  1.1749  1.0274  1.2805  1.2763  1.0836
  std. dev.          0.4093  0.2053  0.4471  0.2725  0.3293  0.2147  0.4412  0.3027
  weight sum            150     150     135     135     135     135     105     135
  precision          0.0019  0.0019  0.0019  0.0019  0.0019  0.0019  0.0019  0.0019

AcetylH3K9_N
  mean               0.1493  0.1554  0.1594  0.2358  0.1915  0.2998  0.2153  0.3395
  std. dev.           0.066  0.0718  0.0821  0.3101  0.0864   0.292  0.1315  0.1393
  weight sum            150     150     135     135     135     135     105     135
  precision          0.0013  0.0013  0.0013  0.0013  0.0013  0.0013  0.0013  0.0013

BAX_N
  mean               0.1727  0.1769   0.188  0.1774  0.1737  0.1833  0.1831  0.1811
  std. dev.          0.0241  0.0162  0.0174  0.0178  0.0171  0.0159  0.0211  0.0136
  weight sum            150     150     135     135     135     135     105     135
  precision          0.0002  0.0002  0.0002  0.0002  0.0002  0.0002  0.0002  0.0002

GFAP_N
  mean               0.1237  0.1138   0.127  0.1166  0.1181  0.1177  0.1293  0.1231
  std. dev.          0.0112  0.0138  0.0116  0.0111  0.0102  0.0148  0.0163  0.0079
  weight sum            150     150     135     135     135     135     105     135
  precision          0.0001  0.0001  0.0001  0.0001  0.0001  0.0001  0.0001  0.0001

GluR4_N
  mean                0.124  0.1281  0.1277  0.1276  0.1254   0.126  0.1182  0.1337
  std. dev.          0.0187  0.0495  0.0239  0.0244  0.0205  0.0214  0.0177  0.0158
  weight sum            150     150     135     135     135     135     105     135
  precision          0.0004  0.0004  0.0004  0.0004  0.0004  0.0004  0.0004  0.0004

SNCA_N
  mean               0.1524  0.1771  0.1466  0.1732  0.1381  0.1773  0.1536  0.1578
  std. dev.          0.0211  0.0234  0.0163  0.0188  0.0197  0.0208  0.0205  0.0153
  weight sum            150     150     135     135     135     135     105     135
  precision          0.0001  0.0001  0.0001  0.0001  0.0001  0.0001  0.0001  0.0001

pGSK3B_Tyr216_N
  mean               0.8667  0.8255  0.8478  0.8114   0.882  0.8343  0.8391  0.8819
  std. dev.          0.0996  0.0596  0.1349  0.0732  0.0705  0.0874  0.0968  0.0884
  weight sum            150     150     135     135     135     135     105     135
  precision          0.0006  0.0006  0.0006  0.0006  0.0006  0.0006  0.0006  0.0006

BAD_N
  mean               0.1569  0.1693  0.1447  0.1561  0.1506  0.1537  0.1509  0.1746
  std. dev.          0.0272  0.0398  0.0204  0.0226  0.0297   0.027  0.0306  0.0227
  weight sum            120     102      90     120     105      90     105     135
  precision          0.0002  0.0002  0.0002  0.0002  0.0002  0.0002  0.0002  0.0002

BCL2_N
  mean               0.1325   0.156  0.1266  0.1331   0.132  0.1375  0.1302  0.1371
  std. dev.          0.0293  0.0331  0.0175  0.0179  0.0302  0.0258   0.031  0.0221
  weight sum            120      75     105     105     120      90      90      90
  precision          0.0002  0.0002  0.0002  0.0002  0.0002  0.0002  0.0002  0.0002

pS6_N
  mean               0.1198  0.1281  0.1125  0.1329  0.1082  0.1373  0.1114  0.1192
  std. dev.          0.0169  0.0063  0.0096  0.0069  0.0081  0.0102  0.0104    0.01
  weight sum            150     150     135     135     135     135     105     135
  precision          0.0001  0.0001  0.0001  0.0001  0.0001  0.0001  0.0001  0.0001

SYP_N
  mean               0.4674  0.4569  0.4453  0.4715  0.4136  0.4458  0.4336  0.4282
  std. dev.          0.0619  0.0504  0.0769  0.0611   0.064  0.0482  0.0804  0.0657
  weight sum            150     150     135     135     135     135     105     135
  precision          0.0005  0.0005  0.0005  0.0005  0.0005  0.0005  0.0005  0.0005

H3AcK18_N
  mean                0.142  0.1857  0.1455  0.1525  0.1496  0.2262  0.1584  0.2089
  std. dev.          0.0251  0.0523  0.0374  0.0334  0.0364  0.1093  0.0514  0.0562
  weight sum            120     120     105     120     120      75     105     135
  precision          0.0004  0.0004  0.0004  0.0004  0.0004  0.0004  0.0004  0.0004

Treatment=Saline
  mean                    0       0       1       1       0       0       1       1
  std. dev.          0.1667  0.1667  0.1667  0.1667  0.1667  0.1667  0.1667  0.1667
  weight sum            150     150     135     135     135     135     105     135
  precision               1       1       1       1       1       1       1       1



Time taken to build model: 0.03 seconds

=== Stratified cross-validation ===
=== Summary ===

Correctly Classified Instances         920               85.1852 %
Incorrectly Classified Instances       160               14.8148 %
Kappa statistic                          0.8305
Mean absolute error                      0.0386
Root mean squared error                  0.1769
Relative absolute error                 17.689  %
Root relative squared error             53.5339 %
Coverage of cases (0.95 level)          91.7593 %
Mean rel. region size (0.95 level)      14.8958 %
Total Number of Instances             1080     

=== Detailed Accuracy By Class ===

                 TP Rate  FP Rate  Precision  Recall   F-Measure  MCC      ROC Area  PRC Area  Class
                 0.727    0.019    0.858      0.727    0.787      0.759    0.972     0.883     c-CS-m
                 0.907    0.030    0.829      0.907    0.866      0.845    0.989     0.927     c-SC-m
                 0.837    0.021    0.850      0.837    0.843      0.821    0.990     0.906     c-CS-s
                 0.852    0.000    1.000      0.852    0.920      0.913    0.995     0.987     c-SC-s
                 0.859    0.044    0.734      0.859    0.792      0.763    0.973     0.842     t-CS-m
                 0.837    0.017    0.876      0.837    0.856      0.836    0.985     0.935     t-SC-m
                 0.790    0.017    0.830      0.790    0.810      0.790    0.982     0.911     t-CS-s
                 1.000    0.020    0.877      1.000    0.934      0.927    0.998     0.980     t-SC-s
Weighted Avg.    0.852    0.021    0.857      0.852    0.852      0.832    0.985     0.921     

=== Confusion Matrix ===

   a   b   c   d   e   f   g   h   <-- classified as
 109   1   0   0  39   1   0   0 |   a = c-CS-m
   0 136   0   0   1  13   0   0 |   b = c-SC-m
   2   0 113   0   0   0  17   3 |   c = c-CS-s
   0   3   0 115   0   2   0  15 |   d = c-SC-s
  16   0   3   0 116   0   0   0 |   e = t-CS-m
   0  22   0   0   0 113   0   0 |   f = t-SC-m
   0   2  17   0   2   0  83   1 |   g = t-CS-s
   0   0   0   0   0   0   0 135 |   h = t-SC-s

