=== Run information ===

Scheme:       weka.classifiers.bayes.NaiveBayes 
Relation:     mice-weka.filters.unsupervised.attribute.Remove-R1-weka.filters.unsupervised.attribute.NominalToBinary-R78-80-weka.filters.unsupervised.attribute.RandomSubset-N32.0-S20
Instances:    1080
Attributes:   33
              ITSN1_N
              NR2A_N
              pAKT_N
              pCAMKII_N
              pCREB_N
              pELK_N
              pMEK_N
              pNR1_N
              pNR2A_N
              AKT_N
              CREB_N
              SOD1_N
              pNUMB_N
              pP70S6_N
              P70S6_N
              pPKCG_N
              S6_N
              ADARB1_N
              RRP1_N
              ERBB4_N
              GluR3_N
              GluR4_N
              pCASP9_N
              PSD95_N
              SNCA_N
              pGSK3B_Tyr216_N
              SHH_N
              BCL2_N
              pS6_N
              EGR1_N
              Genotype=Ts65Dn
              Behavior=S/C
              class
Test mode:    10-fold cross-validation

=== Classifier model (full training set) ===

Naive Bayes Classifier

                    Class
Attribute          c-CS-m  c-SC-m  c-CS-s  c-SC-s  t-CS-m  t-SC-m  t-CS-s  t-SC-s
                   (0.14)  (0.14)  (0.13)  (0.13)  (0.13)  (0.13)   (0.1)  (0.13)
==================================================================================
ITSN1_N
  mean              0.6527  0.4364  0.7724  0.4493  0.7971  0.5668  0.7595   0.549
  std. dev.         0.1534  0.0688  0.5015  0.0739  0.1867  0.0776  0.1534   0.111
  weight sum           150     150     135     135     135     135     105     132
  precision         0.0022  0.0022  0.0022  0.0022  0.0022  0.0022  0.0022  0.0022

NR2A_N
  mean              4.3086  3.4597  4.2802  3.9134  3.5656  4.0562  3.5146   3.565
  std. dev.         0.9706  0.6681   0.998  0.8694  0.8735  0.8348  0.6341  1.0074
  weight sum           150     150     135     135     135     135     105     132
  precision         0.0063  0.0063  0.0063  0.0063  0.0063  0.0063  0.0063  0.0063

pAKT_N
  mean              0.2299  0.2413  0.2124  0.2334  0.2136  0.2691  0.2145  0.2468
  std. dev.         0.0249  0.0371  0.0527  0.0305  0.0277  0.0388  0.0357   0.045
  weight sum           150     150     135     135     135     135     105     132
  precision         0.0004  0.0004  0.0004  0.0004  0.0004  0.0004  0.0004  0.0004

pCAMKII_N
  mean              2.9162  4.7365  2.9357  3.3613  3.1217  4.2773  2.4891  4.1763
  std. dev.         0.9236  0.8445  0.7042  0.8619  1.5007  1.0148   0.752  1.5259
  weight sum           150     150     135     135     135     135     105     132
  precision         0.0057  0.0057  0.0057  0.0057  0.0057  0.0057  0.0057  0.0057

pCREB_N
  mean              0.1985  0.2082  0.2084   0.215  0.2034  0.2318    0.21  0.2272
  std. dev.         0.0274  0.0334  0.0382  0.0294  0.0246  0.0281  0.0281  0.0341
  weight sum           150     150     135     135     135     135     105     132
  precision         0.0002  0.0002  0.0002  0.0002  0.0002  0.0002  0.0002  0.0002

pELK_N
  mean              1.4925  1.2787  1.6869  1.3276   1.564  1.3817  1.5183   1.205
  std. dev.         0.3018  0.2622  0.9055  0.5695  0.2863  0.1636  0.2842  0.2524
  weight sum           150     150     135     135     135     135     105     132
  precision         0.0053  0.0053  0.0053  0.0053  0.0053  0.0053  0.0053  0.0053

pMEK_N
  mean              0.2681  0.2861   0.257  0.2764  0.2517  0.3136  0.2517  0.2905
  std. dev.           0.03  0.0427  0.0619   0.036  0.0327   0.037  0.0397  0.0449
  weight sum           150     150     135     135     135     135     105     132
  precision         0.0004  0.0004  0.0004  0.0004  0.0004  0.0004  0.0004  0.0004

pNR1_N
  mean              0.8604  0.8014  0.8564  0.8711  0.7715  0.8621  0.7646  0.8038
  std. dev.         0.1098  0.0941   0.129  0.1115  0.1205  0.0863  0.0939  0.1323
  weight sum           150     150     135     135     135     135     105     132
  precision         0.0008  0.0008  0.0008  0.0008  0.0008  0.0008  0.0008  0.0008

pNR2A_N
  mean              0.6821   0.902  0.7033  0.7769  0.5617  0.8384  0.6443  0.6726
  std. dev.         0.1518  0.1776  0.1882  0.1395  0.1615  0.1123   0.155  0.1486
  weight sum           150     150     135     135     135     135     105     132
  precision         0.0011  0.0011  0.0011  0.0011  0.0011  0.0011  0.0011  0.0011

AKT_N
  mean                 0.7  0.6498  0.6436  0.7788  0.5843  0.7633  0.6398  0.6906
  std. dev.          0.133  0.0782  0.1776  0.0817  0.1011  0.1012  0.0817  0.0965
  weight sum           150     150     135     135     135     135     105     132
  precision          0.001   0.001   0.001   0.001   0.001   0.001   0.001   0.001

CREB_N
  mean              0.1772  0.1841  0.1776  0.1771  0.1779  0.1952  0.1649  0.1867
  std. dev.         0.0211  0.0344   0.029  0.0201  0.0213  0.0271  0.0179  0.0238
  weight sum           150     150     135     135     135     135     105     132
  precision         0.0002  0.0002  0.0002  0.0002  0.0002  0.0002  0.0002  0.0002

SOD1_N
  mean              0.3307  0.6209  0.3248  0.8561  0.3078  0.8322  0.3158  0.7214
  std. dev.          0.035  0.1072  0.0492  0.2288  0.0327  0.2931  0.0324  0.2437
  weight sum           150     150     135     135     135     135     105     132
  precision         0.0015  0.0015  0.0015  0.0015  0.0015  0.0015  0.0015  0.0015

pNUMB_N
  mean              0.4109  0.3333  0.3971  0.2957  0.3378  0.3588  0.3636  0.3577
  std. dev.         0.0637  0.0377  0.0682  0.0377  0.0451  0.0428  0.0426  0.0685
  weight sum           150     150     135     135     135     135     105     132
  precision         0.0004  0.0004  0.0004  0.0004  0.0004  0.0004  0.0004  0.0004

pP70S6_N
  mean              0.3229  0.4213  0.3504  0.3795  0.3922   0.409  0.2822  0.5826
  std. dev.         0.1446  0.0744  0.1532  0.0898  0.2152  0.0737  0.1257  0.1286
  weight sum           150     150     135     135     135     135     105     132
  precision         0.0009  0.0009  0.0009  0.0009  0.0009  0.0009  0.0009  0.0009

P70S6_N
  mean              0.9298  0.9885  0.9199  0.9187  0.9152  0.9889  1.0098  0.8853
  std. dev.         0.1892   0.133  0.2185  0.1303  0.1538  0.1613  0.1758  0.1663
  weight sum           150     150     135     135     135     135     105     135
  precision         0.0012  0.0012  0.0012  0.0012  0.0012  0.0012  0.0012  0.0012

pPKCG_N
  mean              1.4864   1.649  1.7143  1.3759  1.7296  1.5375  1.8369  2.3829
  std. dev.          0.644  0.2384  0.5908  0.3265  0.6673  0.1673  0.7765  0.2927
  weight sum           150     150     135     135     135     135     105     135
  precision         0.0026  0.0026  0.0026  0.0026  0.0026  0.0026  0.0026  0.0026

S6_N
  mean              0.4604  0.3026  0.4386  0.3377  0.4795  0.3669  0.5851  0.5083
  std. dev.         0.1235  0.0572  0.1224  0.0923   0.105  0.1119  0.0822  0.1384
  weight sum           150     150     135     135     135     135     105     135
  precision         0.0006  0.0006  0.0006  0.0006  0.0006  0.0006  0.0006  0.0006

ADARB1_N
  mean              1.3536  1.0322  1.3694  1.1749  1.0274  1.2805  1.2763  1.0836
  std. dev.         0.4093  0.2053  0.4471  0.2725  0.3293  0.2147  0.4412  0.3027
  weight sum           150     150     135     135     135     135     105     135
  precision         0.0019  0.0019  0.0019  0.0019  0.0019  0.0019  0.0019  0.0019

RRP1_N
  mean              0.1644  0.1652  0.1691  0.1598  0.1583  0.1704  0.1708  0.1765
  std. dev.         0.0283  0.0391  0.0194  0.0431  0.0152  0.0414  0.0329  0.0163
  weight sum           150     150     135     135     135     135     105     135
  precision         0.0006  0.0006  0.0006  0.0006  0.0006  0.0006  0.0006  0.0006

ERBB4_N
  mean              0.1581  0.1553  0.1487  0.1622  0.1477   0.169   0.152  0.1576
  std. dev.         0.0198  0.0122  0.0159  0.0095  0.0085  0.0127  0.0132  0.0124
  weight sum           150     150     135     135     135     135     105     135
  precision         0.0001  0.0001  0.0001  0.0001  0.0001  0.0001  0.0001  0.0001

GluR3_N
  mean              0.2299  0.2337  0.2279  0.2299  0.2257  0.2151  0.1965  0.2084
  std. dev.         0.0348  0.0379  0.0394  0.0315  0.0274  0.0313  0.0311  0.0262
  weight sum           150     150     135     135     135     135     105     135
  precision         0.0002  0.0002  0.0002  0.0002  0.0002  0.0002  0.0002  0.0002

GluR4_N
  mean               0.124  0.1281  0.1277  0.1276  0.1254   0.126  0.1182  0.1337
  std. dev.         0.0187  0.0495  0.0239  0.0244  0.0205  0.0214  0.0177  0.0158
  weight sum           150     150     135     135     135     135     105     135
  precision         0.0004  0.0004  0.0004  0.0004  0.0004  0.0004  0.0004  0.0004

pCASP9_N
  mean              1.5236  1.6385  1.5075  1.5319  1.4586  1.6749  1.4917    1.54
  std. dev.         0.2539  0.2576  0.3364  0.1507  0.2126  0.1899  0.2398  0.2158
  weight sum           150     150     135     135     135     135     105     135
  precision         0.0016  0.0016  0.0016  0.0016  0.0016  0.0016  0.0016  0.0016

PSD95_N
  mean              2.1414   2.348  2.0762  2.3572  2.2186  2.3773  2.1623  2.1826
  std. dev.         0.2784   0.214  0.2034  0.1991  0.2217  0.2766  0.2272  0.2053
  weight sum           150     150     135     135     135     135     105     135
  precision         0.0016  0.0016  0.0016  0.0016  0.0016  0.0016  0.0016  0.0016

SNCA_N
  mean              0.1524  0.1771  0.1466  0.1732  0.1381  0.1773  0.1536  0.1578
  std. dev.         0.0211  0.0234  0.0163  0.0188  0.0197  0.0208  0.0205  0.0153
  weight sum           150     150     135     135     135     135     105     135
  precision         0.0001  0.0001  0.0001  0.0001  0.0001  0.0001  0.0001  0.0001

pGSK3B_Tyr216_N
  mean              0.8667  0.8255  0.8478  0.8114   0.882  0.8343  0.8391  0.8819
  std. dev.         0.0996  0.0596  0.1349  0.0732  0.0705  0.0874  0.0968  0.0884
  weight sum           150     150     135     135     135     135     105     135
  precision         0.0006  0.0006  0.0006  0.0006  0.0006  0.0006  0.0006  0.0006

SHH_N
  mean              0.2269  0.2245  0.2148  0.2419  0.2169  0.2307  0.2221  0.2348
  std. dev.         0.0258  0.0326  0.0184  0.0304  0.0214  0.0357  0.0251  0.0272
  weight sum           150     150     135     135     135     135     105     135
  precision         0.0002  0.0002  0.0002  0.0002  0.0002  0.0002  0.0002  0.0002

BCL2_N
  mean              0.1325   0.156  0.1266  0.1331   0.132  0.1375  0.1302  0.1371
  std. dev.         0.0293  0.0331  0.0175  0.0179  0.0302  0.0258   0.031  0.0221
  weight sum           120      75     105     105     120      90      90      90
  precision         0.0002  0.0002  0.0002  0.0002  0.0002  0.0002  0.0002  0.0002

pS6_N
  mean              0.1198  0.1281  0.1125  0.1329  0.1082  0.1373  0.1114  0.1192
  std. dev.         0.0169  0.0063  0.0096  0.0069  0.0081  0.0102  0.0104    0.01
  weight sum           150     150     135     135     135     135     105     135
  precision         0.0001  0.0001  0.0001  0.0001  0.0001  0.0001  0.0001  0.0001

EGR1_N
  mean              0.1746  0.2173  0.1665  0.2007  0.1623  0.1961  0.1582  0.1843
  std. dev.         0.0369  0.0498  0.0234  0.0389  0.0337  0.0383  0.0223  0.0317
  weight sum           120     105     105     120     105     105      90     120
  precision         0.0003  0.0003  0.0003  0.0003  0.0003  0.0003  0.0003  0.0003

Genotype=Ts65Dn
  mean                   0       0       0       0       1       1       1       1
  std. dev.         0.1667  0.1667  0.1667  0.1667  0.1667  0.1667  0.1667  0.1667
  weight sum           150     150     135     135     135     135     105     135
  precision              1       1       1       1       1       1       1       1

Behavior=S/C
  mean                   0       1       0       1       0       1       0       1
  std. dev.         0.1667  0.1667  0.1667  0.1667  0.1667  0.1667  0.1667  0.1667
  weight sum           150     150     135     135     135     135     105     135
  precision              1       1       1       1       1       1       1       1



Time taken to build model: 0.03 seconds

=== Stratified cross-validation ===
=== Summary ===

Correctly Classified Instances         957               88.6111 %
Incorrectly Classified Instances       123               11.3889 %
Kappa statistic                          0.8695
Mean absolute error                      0.0326
Root mean squared error                  0.1492
Relative absolute error                 14.9109 %
Root relative squared error             45.1329 %
Coverage of cases (0.95 level)          95.7407 %
Mean rel. region size (0.95 level)      15.8681 %
Total Number of Instances             1080     

=== Detailed Accuracy By Class ===

                 TP Rate  FP Rate  Precision  Recall   F-Measure  MCC      ROC Area  PRC Area  Class
                 0.887    0.046    0.756      0.887    0.816      0.787    0.974     0.861     c-CS-m
                 0.973    0.012    0.930      0.973    0.951      0.943    0.992     0.982     c-SC-m
                 0.704    0.022    0.819      0.704    0.757      0.728    0.976     0.854     c-CS-s
                 0.911    0.004    0.969      0.911    0.939      0.931    0.994     0.937     c-SC-s
                 0.881    0.028    0.821      0.881    0.850      0.828    0.988     0.949     t-CS-m
                 0.970    0.005    0.963      0.970    0.967      0.962    0.999     0.991     t-SC-m
                 0.714    0.011    0.872      0.714    0.785      0.769    0.985     0.885     t-CS-s
                 1.000    0.002    0.985      1.000    0.993      0.992    1.000     1.000     t-SC-s
Weighted Avg.    0.886    0.017    0.888      0.886    0.885      0.870    0.988     0.933     

=== Confusion Matrix ===

   a   b   c   d   e   f   g   h   <-- classified as
 133   0  14   0   2   0   1   0 |   a = c-CS-m
   0 146   1   3   0   0   0   0 |   b = c-SC-m
  40   0  95   0   0   0   0   0 |   c = c-CS-s
   0   8   0 123   0   3   0   1 |   d = c-SC-s
   3   0   3   0 119   0  10   0 |   e = t-CS-m
   0   3   0   0   0 131   0   1 |   f = t-SC-m
   0   0   3   1  24   2  75   0 |   g = t-CS-s
   0   0   0   0   0   0   0 135 |   h = t-SC-s

