=== Run information ===

Scheme:       weka.clusterers.EM -I 100 -N -1 -X 10 -max -1 -ll-cv 1.0E-6 -ll-iter 1.0E-6 -M 1.0E-6 -K 10 -num-slots 1 -S 100
Relation:     mice-weka.filters.unsupervised.attribute.Remove-R1-weka.filters.unsupervised.attribute.NominalToBinary-R78-80-weka.filters.unsupervised.attribute.RandomSubset-N32.0-S42
Instances:    1080
Attributes:   33
              ITSN1_N
              BDNF_N
              pBRAF_N
              pCREB_N
              pERK_N
              pJNK_N
              PKCA_N
              pMEK_N
              CREB_N
              ELK_N
              ERK_N
              MEK_N
              TRKA_N
              APP_N
              Bcatenin_N
              pNUMB_N
              RAPTOR_N
              pP70S6_N
              pGSK3B_N
              pPKCG_N
              ADARB1_N
              AcetylH3K9_N
              BAX_N
              ARC_N
              nNOS_N
              IL1B_N
              P3525_N
              pCASP9_N
              PSD95_N
              pGSK3B_Tyr216_N
              SHH_N
              pS6_N
Ignored:
              class
Test mode:    Classes to clusters evaluation on training data

=== Clustering model (full training set) ===


EM
==

Number of clusters selected by cross validation: 33
Number of iterations performed: 42


                  Cluster
Attribute               0       1       2       3       4       5       6       7       8       9      10      11      12      13      14      15      16      17      18      19      20      21      22      23      24      25      26      27      28      29      30      31      32
                   (0.01)  (0.02)  (0.05)  (0.03)  (0.02)  (0.05)  (0.04)  (0.05)  (0.02)  (0.02)  (0.03)  (0.03)  (0.02)  (0.08)  (0.02)  (0.03)  (0.01)  (0.06)  (0.02)  (0.01)  (0.02)  (0.04)  (0.05)  (0.01)  (0.02)  (0.02)  (0.03)  (0.01)  (0.01)  (0.06)  (0.01)  (0.03)  (0.06)
==========================================================================================================================================================================================================================================================================================
ITSN1_N
  mean              2.1026  1.0008  0.4202   0.456  0.3943  0.4912  0.5007  0.5434  0.6011  0.4379  0.6131  0.9572  0.5431  0.4768  0.6833  0.7837  0.5398  0.6518  0.7425  0.3314  0.5119  0.8747  0.5742  0.6027  0.6118  0.6128  0.7346  0.5244  0.6312  0.6948  0.5146   0.432  0.6006
  std. dev.         0.3789  0.1502  0.0392  0.0626  0.0407    0.08  0.0609  0.1369   0.087  0.0689  0.0538  0.1191  0.0496  0.0378  0.0979  0.1186  0.0522  0.1195  0.1241  0.0406  0.0666  0.1506  0.0485  0.0381  0.0631  0.0997  0.0654  0.0552    0.06  0.1421  0.0318  0.1345   0.127

BDNF_N
  mean              0.3918  0.4498  0.2842  0.2503  0.2981  0.2852  0.3275  0.2616  0.3711  0.2935  0.3531  0.2935  0.3133  0.3052  0.3384  0.3826  0.3173  0.3235  0.3163  0.2443  0.3531    0.38  0.3402  0.3311  0.3468  0.2516  0.3728  0.2904  0.4099  0.3146  0.3125  0.2322  0.3372
  std. dev.         0.0402  0.0188  0.0223  0.0288  0.0183  0.0177  0.0247  0.0184  0.0207  0.0223   0.024  0.0278  0.0186  0.0295  0.0314  0.0269  0.0163  0.0284   0.021  0.0136  0.0288  0.0216  0.0279  0.0114  0.0291   0.021  0.0291   0.015  0.0227   0.021  0.0332   0.019  0.0205

pBRAF_N
  mean              0.1813  0.1913  0.1975  0.1572  0.1815  0.1725    0.23  0.1443  0.2169   0.187  0.2076  0.1524  0.1923  0.1867  0.1801  0.1808  0.1843  0.1625  0.1938  0.1543  0.2029  0.1788  0.1952   0.202  0.1269  0.1575  0.1854  0.1931  0.2088  0.1773  0.2005  0.1504  0.1949
  std. dev.         0.0091  0.0081  0.0201  0.0168  0.0165  0.0143  0.0234  0.0126    0.03   0.008  0.0214  0.0088  0.0171  0.0169   0.018  0.0101  0.0155  0.0102  0.0214  0.0106  0.0152  0.0132  0.0104  0.0095  0.0315  0.0181  0.0162  0.0099  0.0145  0.0134  0.0284  0.0142  0.0144

pCREB_N
  mean              0.2154  0.2605  0.2155  0.1814   0.188  0.1837  0.2463  0.1645  0.2381  0.2409  0.2503  0.1973  0.1902  0.2198  0.1807  0.2507  0.2159  0.2149   0.221  0.1851  0.2143  0.2341  0.2428  0.2482  0.2001  0.1576  0.2038  0.2388  0.2577  0.1998   0.255  0.1662   0.215
  std. dev.         0.0153  0.0144  0.0226  0.0218  0.0084  0.0139  0.0216  0.0157  0.0275  0.0172  0.0186  0.0151  0.0109  0.0172  0.0131  0.0343  0.0127  0.0227  0.0123  0.0211  0.0198  0.0165  0.0222  0.0106  0.0207  0.0186  0.0127  0.0091  0.0207  0.0123   0.029  0.0208  0.0169

pERK_N
  mean              2.5936  1.0328   0.339  0.2715  0.3251   0.372  0.4031  0.4915  0.5818   0.235  0.3449  1.1018  0.5728  0.3495  0.8256  0.7155  0.5795  0.5047  0.7069  0.2339  0.3355  0.7672  0.3843  0.7141  0.5622  0.7006   0.784  0.2969  0.4458  0.6071  0.5287   0.422  0.5248
  std. dev.          0.614  0.2001  0.0416  0.0283  0.0397   0.075  0.0471  0.1539  0.1865   0.047  0.0348  0.1952  0.0521  0.0386   0.129  0.2074  0.0789  0.1517  0.1345  0.0176  0.0317  0.2132   0.052  0.0628  0.0861  0.1611  0.0943  0.0382  0.0128  0.1487  0.0366  0.1888  0.1605

pJNK_N
  mean              0.2939  0.3564  0.3491  0.2514  0.3013  0.2836  0.3677  0.2294  0.3844  0.3089  0.3673  0.2598   0.337  0.3364  0.3213  0.3457  0.3334   0.299  0.3316  0.2437  0.3312  0.3281  0.3613  0.3414  0.1731  0.2441  0.3467  0.3273  0.3848  0.2837  0.3286  0.2637  0.3316
  std. dev.         0.0136  0.0267  0.0294  0.0253   0.017  0.0189  0.0224  0.0277  0.0425  0.0129  0.0249  0.0198  0.0108   0.026  0.0296  0.0259  0.0138  0.0302  0.0221   0.017  0.0219   0.028  0.0211  0.0141  0.0676  0.0202  0.0136  0.0117  0.0126  0.0258  0.0188  0.0216  0.0181

PKCA_N
  mean              0.3547  0.3932  0.2858  0.2391  0.2944  0.2732  0.3138  0.2881   0.388  0.2859    0.34  0.2635  0.3021  0.2922  0.3335  0.4079  0.2935  0.3314  0.3896  0.2389  0.3578  0.3671  0.3138   0.312  0.3918  0.2387  0.3378  0.2877  0.4364  0.3311  0.2941  0.2299  0.3593
  std. dev.         0.0208  0.0274  0.0186  0.0225  0.0166  0.0235  0.0284   0.029  0.0188   0.013  0.0098  0.0169   0.012  0.0175  0.0356  0.0245  0.0144  0.0376  0.0204  0.0206  0.0288  0.0277  0.0178  0.0155  0.0279  0.0251   0.018  0.0156  0.0162  0.0224  0.0326  0.0169  0.0298

pMEK_N
  mean              0.2822   0.294  0.3058  0.2347  0.2581  0.2511  0.3357  0.2039  0.3455  0.2858  0.3298  0.2192   0.268  0.2857  0.2613  0.2953   0.256  0.2561  0.2843  0.2195  0.3041  0.2853   0.309  0.3277  0.1856  0.2063  0.2736  0.2914  0.3704  0.2628  0.3436  0.2215  0.2943
  std. dev.         0.0264   0.025  0.0349  0.0282  0.0209  0.0224  0.0201  0.0213  0.0483  0.0174  0.0264  0.0166  0.0188  0.0185  0.0315  0.0215  0.0188  0.0222  0.0226    0.01  0.0296  0.0225  0.0165  0.0189  0.0527   0.024  0.0198  0.0091   0.021  0.0159  0.0209   0.015  0.0192

CREB_N
  mean              0.1923  0.1944   0.198  0.1631  0.1709  0.1665  0.2241  0.1503  0.2223  0.1777  0.2045   0.152  0.1811  0.1753  0.1831  0.1772  0.1772  0.1596  0.1901  0.1639  0.1864  0.1809  0.1831  0.2033  0.1651  0.1467  0.1857  0.1971  0.2228  0.1801  0.2146  0.1484  0.1962
  std. dev.         0.0103   0.011  0.0202   0.016  0.0164   0.019  0.0273  0.0149  0.0284  0.0144  0.0216  0.0137  0.0184  0.0179    0.02  0.0089  0.0211  0.0123  0.0179  0.0114  0.0128  0.0161  0.0119  0.0105  0.0184  0.0145  0.0164  0.0098  0.0144   0.016  0.0316  0.0208  0.0161

ELK_N
  mean              1.5583  2.2317   0.966  0.8645  0.9776  0.9823  0.9803  0.8358  1.2212  0.9885   1.313  1.2124  1.0959  1.2169  1.2138  1.7801  1.0863  1.3916  1.0054  1.0869  1.2196  1.5752  1.4428  1.0674  1.0897  0.7972  1.5559  1.1485  1.3184  1.0109  0.8951  0.8587  1.0774
  std. dev.         0.4167  0.2543  0.0807  0.1577  0.1396  0.1704   0.087  0.1481  0.1545  0.1381  0.1931  0.2636  0.1574  0.1827  0.2831  0.3204  0.2026  0.1908  0.1109  0.1384  0.1967  0.1999  0.3032  0.0895  0.1263  0.1047  0.3046  0.1457  0.2731  0.1307  0.0465  0.1425  0.1303

ERK_N
  mean              3.3732  4.1509  1.9195  1.7052  1.6344  1.9142  1.9264  1.8605  2.5375  2.0842  2.7405  2.7174  2.8216   2.484   3.007  3.4132  2.8696  2.7202  1.9607  1.6879  2.2186    3.19   2.939  2.7452  2.9626  1.8864  3.6524  2.3247   3.091  2.4216  2.2061  1.9173  2.3219
  std. dev.         0.5516  0.5086  0.2665  0.2891  0.3349  0.2967  0.2547  0.3046  0.3421   0.244  0.4338  0.4262  0.3692  0.2651  0.5888  0.3295  0.5407  0.2988  0.2107  0.3051  0.4111  0.3755  0.3802  0.1987  0.3878  0.2295  0.4008  0.2951  0.4612  0.3161  0.2041  0.3214  0.2674

MEK_N
  mean              0.3296  0.3428  0.2633  0.2368  0.2341  0.2423  0.2992  0.2053  0.3194   0.276  0.3126  0.2405  0.2736  0.2769  0.2638   0.326  0.2544  0.2809  0.2762  0.2029  0.2844  0.3118  0.3073  0.3012  0.2338  0.2029  0.2979  0.2584  0.3387  0.2666  0.2808  0.2118  0.2882
  std. dev.          0.031  0.0126  0.0248  0.0252  0.0219  0.0152  0.0215  0.0251   0.026  0.0156  0.0309   0.015  0.0192  0.0172  0.0194  0.0254  0.0157  0.0275  0.0166  0.0167  0.0297  0.0159    0.02  0.0131  0.0316  0.0167  0.0144   0.009  0.0134  0.0162  0.0267  0.0223  0.0175

TRKA_N
  mean              0.8335  0.9172  0.6158  0.5335  0.5203  0.5522  0.7053  0.5525  0.7883  0.7351   0.823   0.654  0.7046  0.7099  0.6496  0.8502  0.7333  0.7257  0.7059  0.4876  0.6697  0.8402  0.8002   0.735  0.7059  0.4799  0.8041  0.6664  0.8663  0.7149  0.5288  0.5168  0.7318
  std. dev.         0.0648  0.0384  0.0572  0.0853  0.0685  0.0509  0.0452  0.0543  0.0647  0.0345  0.0504  0.0571  0.0521  0.0424  0.0911   0.056  0.0712  0.0622  0.0395  0.0692  0.0937  0.0394   0.046  0.0159  0.0516  0.0568   0.046  0.0365  0.0372  0.0517  0.2092  0.0649  0.0455

APP_N
  mean              0.4073  0.5001  0.3441  0.3548  0.3641  0.3833  0.4061  0.3458  0.4161  0.3975  0.4621  0.4268  0.3889  0.3614  0.3983  0.4428  0.3902  0.4224  0.4509  0.2928   0.495  0.4915  0.4291  0.3889  0.3908  0.3753  0.4181  0.3801  0.5321  0.4214  0.4481  0.3151  0.4248
  std. dev.         0.0324  0.0434  0.0463  0.0388  0.0389  0.0276   0.043   0.034  0.0243  0.0325  0.0359  0.0337  0.0208  0.0308  0.0287   0.037  0.0236  0.0524  0.0577  0.0211  0.0407  0.0359  0.0437  0.0143  0.0161  0.0418  0.0197  0.0328  0.0229  0.0459  0.0558  0.0585  0.0334

Bcatenin_N
  mean              2.7395   2.898  1.8611  1.6312  1.7925  1.7803  1.9529  1.6711  2.2336  2.0679  2.5815  2.0114  1.9156   2.364  2.1191  2.6651  2.1328  2.2948  1.8545  1.7644  2.3708  2.6872  2.7761  2.2043  2.1854  1.4993  2.3571  2.1836  2.6154  2.0419  1.6768  1.6425  2.1549
  std. dev.         0.3486  0.2608  0.2156  0.2776   0.356  0.2641  0.1744  0.1837  0.2222  0.2685  0.2903    0.24  0.1626  0.2282  0.3875  0.2197    0.32  0.2103  0.1673  0.3438  0.4387  0.2501  0.2837  0.0931  0.2335  0.1341  0.2498  0.3355  0.3601  0.1996  0.0792  0.2351  0.1683

pNUMB_N
  mean               0.371  0.4608  0.3196  0.2758  0.3997  0.3166  0.3501  0.3093  0.4316   0.299  0.3922  0.3553  0.4573  0.3035  0.4927  0.3992  0.4011  0.3412  0.3602  0.2588  0.4359  0.3825  0.3273  0.4659  0.3459  0.3725  0.4886  0.3203  0.4515  0.3243  0.4377  0.2812  0.3696
  std. dev.         0.0259  0.0664  0.0281  0.0233  0.0169  0.0302  0.0345  0.0348  0.0199  0.0146   0.036  0.0348  0.0291  0.0236  0.0463  0.0262  0.0169  0.0236  0.0185    0.01  0.0347  0.0287  0.0224  0.0166  0.0158  0.0252  0.0243  0.0179  0.0216   0.031  0.0242  0.0435  0.0155

RAPTOR_N
  mean              0.3202  0.3605  0.3164  0.2542  0.4278   0.328  0.3521  0.2622   0.403  0.2779  0.3648  0.2539  0.3385  0.2967  0.4022  0.3099  0.2977  0.2758  0.2866  0.2731  0.4237  0.3072  0.3235  0.3298  0.3026  0.3008  0.3737  0.3192  0.4096  0.2806  0.3452  0.2475  0.3307
  std. dev.          0.022  0.0488  0.0359  0.0201  0.0434  0.0366  0.0473  0.0216  0.0306  0.0119   0.031  0.0142  0.0289  0.0199  0.0479   0.029  0.0244  0.0223  0.0313  0.0192  0.0361  0.0357  0.0292  0.0136   0.024  0.0265  0.0297  0.0172  0.0213  0.0311  0.0328  0.0244  0.0331

pP70S6_N
  mean              0.2888  0.2601   0.401  0.4851  0.5326  0.4102  0.4365  0.4036  0.5223   0.666  0.3994  0.1812  0.1986  0.3699  0.2527  0.3417  0.1827  0.3935   0.721  0.3341  0.7177  0.3491  0.3737  0.2309  0.5155  0.2391  0.1964  0.3462  0.7194  0.3852  0.2594   0.223  0.5185
  std. dev.         0.0584   0.057   0.056  0.0293  0.0411  0.0845  0.0704  0.1118  0.0729  0.0521  0.0424  0.0612  0.0371  0.0569  0.0548  0.0998  0.0233  0.1154  0.2243  0.0185  0.1386   0.132  0.0407  0.0144  0.2017  0.1072  0.0193   0.018   0.045  0.0798  0.0093  0.0576  0.0703

pGSK3B_N
  mean              0.1845  0.1781  0.1533  0.1632  0.1492  0.1324  0.1552  0.1613  0.1665  0.1587   0.155  0.1655  0.1637  0.1447  0.1786  0.1928   0.159  0.1679  0.1675  0.1523  0.1576  0.1769   0.143  0.1865  0.1613  0.1399  0.1748  0.1663  0.1723  0.1684  0.2057  0.1512  0.1697
  std. dev.         0.0191  0.0141  0.0087  0.0069  0.0058  0.0125  0.0124  0.0194  0.0061  0.0075  0.0065  0.0124  0.0069  0.0086  0.0149  0.0234  0.0023   0.021  0.0128  0.0041  0.0117  0.0132  0.0111  0.0129  0.0055  0.0163  0.0063  0.0108  0.0067  0.0122  0.0243  0.0148  0.0146

pPKCG_N
  mean              1.4962  1.3646  1.7177  2.3495  1.4827   1.253  1.5966  2.0733  2.1475  2.7321  1.5658  0.9512  0.9599  1.4719  0.8413  2.1019  0.9741  2.2236  2.9657  1.2728  1.6802  1.9978  1.5237  0.9479   2.125  0.8341  0.9214  1.5824  2.6148  1.9316  1.1375  1.1339  2.2805
  std. dev.         0.1365  0.5285  0.2307  0.1616  0.1512  0.2268  0.2199  0.3071  0.3103  0.1935  0.1232  0.2233  0.1949  0.2416  0.1391  0.4586  0.0305  0.3539  0.2668  0.0925  0.2424  0.3911  0.1881  0.0472  0.4738  0.4177  0.2267   0.066   0.195  0.1889   0.179  0.1524   0.221

ADARB1_N
  mean              1.1077  1.9256  1.0747  0.8103  1.1412  0.9536  1.0548  0.9293  1.6536  0.7775    1.47  1.1852  1.3585  1.1508  1.0836  1.5855  1.0771  1.2411  1.0516  0.9075  1.1698  1.4915  1.3354  0.8785  1.6937  0.8629  1.7932  1.1643  1.6695  1.1246  0.9858  0.8781  1.2356
  std. dev.         0.1067  0.3939  0.1879  0.0663   0.176  0.1993  0.1487  0.2525  0.2681  0.0589  0.2093  0.4865  0.2478  0.2303  0.1914  0.4494  0.1815  0.3074  0.1797   0.076  0.1487  0.3205  0.2407  0.0655  0.4055  0.2291  0.2986  0.0422  0.3008  0.2947  0.2399  0.1783  0.1845

AcetylH3K9_N
  mean              0.1244  0.1719   0.191  0.3534  0.3861  0.1101  0.1021  0.2062  0.2667  0.5868  0.2605  0.1161  0.1111   0.112  0.0942  0.2302  0.1117  0.3013  0.2839  1.0555  0.5133  0.2098  0.1002  0.1085  0.1485  0.0728  0.1289  0.8432  0.2212  0.1818   0.134   0.144  0.2328
  std. dev.         0.0152  0.0797  0.0874  0.1042  0.3136  0.0193  0.0503  0.1085  0.0585  0.0258  0.1254  0.0584  0.0416  0.0396  0.0144  0.0833  0.0125  0.1547  0.0397  0.1996  0.1897  0.0967  0.0322  0.0054  0.0135  0.0106  0.0387  0.0882  0.0201   0.074  0.0449  0.0382  0.0737

BAX_N
  mean              0.2023  0.1885  0.1775  0.1782  0.1963  0.1595  0.1632  0.1681  0.1857  0.1675  0.1925  0.1789  0.1788  0.1829  0.1734  0.1993  0.1513  0.1934  0.1713  0.1628   0.183  0.1874  0.1882  0.1831  0.1808  0.1356  0.2038  0.1782  0.1946  0.1789  0.1678  0.1727  0.1777
  std. dev.         0.0085   0.014  0.0108  0.0118  0.0152  0.0133  0.0108  0.0207  0.0109  0.0119  0.0121  0.0101  0.0186  0.0119  0.0141  0.0148  0.0161  0.0124  0.0181  0.0133    0.02  0.0107  0.0122   0.006  0.0118  0.0249  0.0084  0.0066   0.012  0.0124  0.0166  0.0171  0.0128

ARC_N
  mean              0.1036   0.125  0.1274  0.1196  0.1296  0.1273  0.1366  0.1041  0.1139  0.1154  0.1457  0.1133  0.1342  0.1327  0.1061  0.1301  0.1178  0.1221  0.1068  0.1342   0.113  0.1126  0.1355  0.1111  0.1171  0.0975  0.1321  0.1345  0.1356  0.1024  0.1072  0.1256  0.1159
  std. dev.         0.0071  0.0111  0.0059  0.0047   0.008  0.0076  0.0097  0.0064   0.008  0.0046  0.0045  0.0061  0.0067  0.0065  0.0111   0.007  0.0049  0.0095  0.0053  0.0044  0.0113  0.0058  0.0064  0.0042   0.003  0.0116  0.0129  0.0047  0.0095  0.0048  0.0076  0.0062  0.0102

nNOS_N
  mean               0.159  0.1876  0.1784  0.1912  0.1865  0.1784  0.1832   0.163  0.1523  0.1793  0.1996  0.1779   0.173  0.1988  0.1439  0.2151  0.1966     0.2  0.1901  0.1705  0.1669   0.184  0.2092  0.1428  0.1637  0.1461  0.1923  0.1952  0.2042   0.158  0.1262  0.1794  0.1776
  std. dev.         0.0219  0.0214  0.0107  0.0147  0.0156  0.0159  0.0152  0.0143  0.0088  0.0105   0.017  0.0226  0.0079  0.0119  0.0141  0.0268  0.0166  0.0201  0.0165  0.0098  0.0157  0.0204  0.0146   0.009  0.0059  0.0315  0.0162  0.0125    0.01  0.0229  0.0059  0.0158  0.0187

IL1B_N
  mean              0.3942  0.4693  0.5902  0.5706  0.4874  0.5882  0.6578  0.4829  0.4471   0.514  0.5934  0.4974  0.6151  0.5679  0.3718  0.5377  0.5847  0.5309  0.4873  0.6679  0.4114  0.4806  0.5367  0.3775  0.4965  0.4687  0.5302  0.6138  0.4745  0.4499  0.4952  0.6328  0.4929
  std. dev.         0.0604  0.0645  0.0592  0.0345  0.0496  0.0307   0.073  0.0343  0.0528  0.0288  0.0785  0.0535  0.0715  0.0403  0.0248  0.0312  0.0187  0.0236  0.0327  0.0655  0.0282  0.0213  0.0329  0.0223  0.0176  0.0835  0.0496  0.0516  0.0167  0.0352  0.0613  0.0356  0.0464

P3525_N
  mean              0.2621  0.3061  0.2806  0.3248   0.275  0.2794  0.3103  0.2903  0.3019  0.3075  0.2956  0.2662  0.3254  0.2811  0.2374  0.3298  0.2975  0.3219   0.292  0.2847  0.2674  0.2956  0.2805  0.2343  0.3153  0.2499  0.3174  0.2912  0.3312  0.2734  0.3035  0.2715  0.2982
  std. dev.          0.018  0.0296  0.0157  0.0174  0.0174  0.0298  0.0286  0.0167  0.0234  0.0164  0.0273  0.0181  0.0217  0.0183  0.0083  0.0173  0.0168  0.0243  0.0106  0.0152  0.0215  0.0249  0.0157  0.0105  0.0173  0.0282  0.0182  0.0144  0.0155  0.0202  0.0317   0.016  0.0209

pCASP9_N
  mean              1.1838  1.6788  1.6576  1.4843  1.4365  1.4321  1.7328  1.3895   1.421  1.3548  1.6243  1.5114  1.6378   1.642  1.1928  2.0078  1.6591  1.6749  1.6483  1.5269  1.2967  1.6114  1.6585  1.1987  1.4053  1.2758  1.5512  1.7821  1.5478  1.3396  1.2539  1.8821  1.4898
  std. dev.         0.1633  0.1114  0.1962  0.1144  0.0636  0.2049  0.2035  0.2029  0.0676  0.0358   0.132  0.1822  0.2194  0.1841  0.1862  0.2581   0.111  0.2327  0.1589  0.0592  0.0988  0.1399   0.209  0.0346  0.1791  0.1771   0.157  0.0573  0.0872  0.1122  0.1023  0.1444   0.198

PSD95_N
  mean              2.0477  2.1105  2.3889  2.1642  2.0483  2.0615  2.4963  2.0518  1.9722  2.2278  2.4844    2.27  2.2406  2.4824  1.6521   2.398  2.3462  2.3187  2.1502  2.3411  1.8426  2.2579  2.5182  2.1009  2.1181  1.7034  2.2278   2.446  2.3519  2.1671  2.0475   2.308  2.1445
  std. dev.         0.0846  0.1575   0.146  0.2253  0.1271  0.1367  0.1372  0.2083  0.1229  0.0947  0.0937  0.1502  0.1401  0.1453  0.1325  0.0965  0.0861  0.1505  0.0867  0.1692  0.1211  0.1566  0.1553   0.051  0.0778  0.2106  0.1915  0.0907  0.0465  0.2271  0.0527  0.1357  0.1755

pGSK3B_Tyr216_N
  mean              1.0511  0.8408   0.819  0.9091  0.7219  0.7954  0.9146  0.8689  0.7468  0.7964  0.8778  0.8558  0.8338  0.8324  0.6762   0.966  0.8427  0.9235   0.934  0.7237  0.6918  0.9082   0.821  0.6394  0.8658  0.7099  0.8337  0.7901  0.9175  0.8939  0.7358  0.8026  0.9085
  std. dev.         0.0879  0.0983  0.0608   0.052  0.0189   0.058  0.0651  0.0715  0.0472   0.045  0.0777  0.0662  0.0968  0.0389  0.0302  0.0603  0.0232  0.0421  0.0692  0.0159  0.0414  0.0456  0.0346  0.0246  0.0244  0.0766  0.0933  0.0436  0.0189  0.0562  0.0623  0.0407  0.0657

SHH_N
  mean              0.2058  0.2163  0.2102  0.2662   0.222  0.2588  0.2819  0.2231  0.2203  0.2291  0.2399  0.2153  0.2389   0.227  0.1895  0.2349  0.2354  0.2378  0.2432  0.2284  0.2128  0.2057   0.209  0.1834  0.2315  0.2085  0.2182   0.206  0.2434  0.2063  0.2344  0.2283  0.2221
  std. dev.         0.0121  0.0197  0.0155  0.0253  0.0148  0.0169  0.0442  0.0191  0.0108   0.015  0.0289   0.013  0.0163   0.029  0.0133  0.0123  0.0211   0.017  0.0242  0.0124   0.014   0.017  0.0175  0.0083  0.0141    0.03  0.0105  0.0069  0.0096  0.0212  0.0324  0.0139  0.0184

pS6_N
  mean              0.1036   0.125  0.1274  0.1196  0.1296  0.1273  0.1366  0.1041  0.1139  0.1154  0.1457  0.1133  0.1342  0.1327  0.1061  0.1301  0.1178  0.1221  0.1068  0.1342   0.113  0.1126  0.1355  0.1111  0.1171  0.0975  0.1321  0.1345  0.1356  0.1024  0.1072  0.1256  0.1159
  std. dev.         0.0071  0.0111  0.0059  0.0047   0.008  0.0076  0.0097  0.0064   0.008  0.0046  0.0045  0.0061  0.0067  0.0065  0.0111   0.007  0.0049  0.0095  0.0053  0.0044  0.0113  0.0058  0.0064  0.0042   0.003  0.0116  0.0129  0.0047  0.0095  0.0048  0.0076  0.0062  0.0102



Time taken to build model (full training data) : 841.6 seconds

=== Model and evaluation on training set ===

Clustered Instances

 0        15 (  1%)
 1        18 (  2%)
 2        59 (  5%)
 3        29 (  3%)
 4        21 (  2%)
 5        51 (  5%)
 6        46 (  4%)
 7        53 (  5%)
 8        19 (  2%)
 9        18 (  2%)
10        34 (  3%)
11        36 (  3%)
12        25 (  2%)
13        87 (  8%)
14        24 (  2%)
15        33 (  3%)
16        15 (  1%)
17        62 (  6%)
18        27 (  3%)
19        15 (  1%)
20        24 (  2%)
21        42 (  4%)
22        49 (  5%)
23         9 (  1%)
24        22 (  2%)
25        21 (  2%)
26        27 (  3%)
27        14 (  1%)
28        15 (  1%)
29        66 (  6%)
30        10 (  1%)
31        29 (  3%)
32        65 (  6%)


Log likelihood: 55.44415


Class attribute: class
Classes to Clusters:

  0  1  2  3  4  5  6  7  8  9 10 11 12 13 14 15 16 17 18 19 20 21 22 23 24 25 26 27 28 29 30 31 32  <-- assigned to cluster
  0  6  0  0  0  2  0 10  0  0  0  0 21  0 15  9 15 12  6  0  0  6  0  0  0  3 21  0  0 13  0  0 11 | c-CS-m
  0  0 48  0 15 15 18  0  0  0  0  0  0 35  0  0  0  0  0  0  0  0  7  0  0  0  0  0  0  0  0 12  0 | c-SC-m
 15  6  0  0  0  0  0 20 14  0  0  0  0  0  9 13  0 10  0  0  0  0  0  9 22  3  1  0  0  6  6  0  1 | c-CS-s
  0  0  5  0  0 21  7  0  0  0  0  0  0 46  0  0  0  6  0 15  0  0 21  0  0  0  0  0  0  0  0  5  9 | c-SC-s
  0  3  0  0  0  3  0 14  0  0  0 12  0  0  0  2  0  3 12  0  0 18  0  0  0  9  0  0  0 31  0 12 16 | t-CS-m
  0  0  6  0  6 10 19  0  5  0 34  0  0  6  0  0  0  5  0  0  9  0 21  0  0  0  0 14  0  0  0  0  0 | t-SC-m
  0  3  0  0  0  0  2  9  0  0  0 24  4  0  0  3  0 12  9  0  0  9  0  0  0  6  5  0  0 15  4  0  0 | t-CS-s
  0  0  0 29  0  0  0  0  0 18  0  0  0  0  0  6  0 14  0  0 15  9  0  0  0  0  0  0 15  1  0  0 28 | t-SC-s

Cluster  0 <-- No class
Cluster  1 <-- No class
Cluster  2 <-- c-SC-m
Cluster  3 <-- t-SC-s
Cluster  4 <-- No class
Cluster  5 <-- No class
Cluster  6 <-- No class
Cluster  7 <-- No class
Cluster  8 <-- No class
Cluster  9 <-- No class
Cluster 10 <-- t-SC-m
Cluster 11 <-- t-CS-s
Cluster 12 <-- No class
Cluster 13 <-- c-SC-s
Cluster 14 <-- No class
Cluster 15 <-- No class
Cluster 16 <-- No class
Cluster 17 <-- No class
Cluster 18 <-- No class
Cluster 19 <-- No class
Cluster 20 <-- No class
Cluster 21 <-- No class
Cluster 22 <-- No class
Cluster 23 <-- No class
Cluster 24 <-- c-CS-s
Cluster 25 <-- No class
Cluster 26 <-- c-CS-m
Cluster 27 <-- No class
Cluster 28 <-- No class
Cluster 29 <-- t-CS-m
Cluster 30 <-- No class
Cluster 31 <-- No class
Cluster 32 <-- No class

Incorrectly clustered instances :	825.0	 76.3889 %

