=== Run information ===

Scheme:       weka.classifiers.bayes.NaiveBayes 
Relation:     mice-weka.filters.unsupervised.attribute.Remove-R1-weka.filters.unsupervised.attribute.NominalToBinary-R78-80-weka.filters.unsupervised.attribute.RandomSubset-N32.0-S40
Instances:    1080
Attributes:   33
              NR1_N
              NR2A_N
              pCREB_N
              pERK_N
              pMEK_N
              pNR1_N
              pRSK_N
              CREB_N
              RSK_N
              APP_N
              SOD1_N
              P38_N
              pPKCG_N
              CDK5_N
              BAX_N
              ARC_N
              ERBB4_N
              nNOS_N
              GFAP_N
              GluR3_N
              IL1B_N
              P3525_N
              pCASP9_N
              Ubiquitin_N
              SHH_N
              BAD_N
              H3AcK18_N
              H3MeK4_N
              CaNA_N
              Genotype=Ts65Dn
              Treatment=Saline
              Behavior=S/C
              class
Test mode:    10-fold cross-validation

=== Classifier model (full training set) ===

Naive Bayes Classifier

                     Class
Attribute           c-CS-m  c-SC-m  c-CS-s  c-SC-s  t-CS-m  t-SC-m  t-CS-s  t-SC-s
                    (0.14)  (0.14)  (0.13)  (0.13)  (0.13)  (0.13)   (0.1)  (0.13)
===================================================================================
NR1_N
  mean               2.3818  2.1456  2.4179   2.405  2.1965  2.3796  2.1846  2.2487
  std. dev.            0.32  0.2853  0.3675  0.3517  0.3785  0.2575  0.2746  0.3806
  weight sum            150     150     135     135     135     135     105     132
  precision          0.0023  0.0023  0.0023  0.0023  0.0023  0.0023  0.0023  0.0023

NR2A_N
  mean               4.3086  3.4597  4.2802  3.9134  3.5656  4.0562  3.5146   3.565
  std. dev.          0.9706  0.6681   0.998  0.8694  0.8735  0.8348  0.6341  1.0074
  weight sum            150     150     135     135     135     135     105     132
  precision          0.0063  0.0063  0.0063  0.0063  0.0063  0.0063  0.0063  0.0063

pCREB_N
  mean               0.1985  0.2082  0.2084   0.215  0.2034  0.2318    0.21  0.2272
  std. dev.          0.0274  0.0334  0.0382  0.0294  0.0246  0.0281  0.0281  0.0341
  weight sum            150     150     135     135     135     135     105     132
  precision          0.0002  0.0002  0.0002  0.0002  0.0002  0.0002  0.0002  0.0002

pERK_N
  mean               0.6908  0.3544  0.8216  0.3259  0.8002  0.3555  0.6951  0.3578
  std. dev.          0.1948  0.0456  0.6778  0.0561  0.2115  0.0628  0.2404  0.0922
  weight sum            150     150     135     135     135     135     105     132
  precision          0.0032  0.0032  0.0032  0.0032  0.0032  0.0032  0.0032  0.0032

pMEK_N
  mean               0.2681  0.2861   0.257  0.2764  0.2517  0.3136  0.2517  0.2905
  std. dev.            0.03  0.0427  0.0619   0.036  0.0327   0.037  0.0397  0.0449
  weight sum            150     150     135     135     135     135     105     132
  precision          0.0004  0.0004  0.0004  0.0004  0.0004  0.0004  0.0004  0.0004

pNR1_N
  mean               0.8604  0.8014  0.8564  0.8711  0.7715  0.8621  0.7646  0.8038
  std. dev.          0.1098  0.0941   0.129  0.1115  0.1205  0.0863  0.0939  0.1323
  weight sum            150     150     135     135     135     135     105     132
  precision          0.0008  0.0008  0.0008  0.0008  0.0008  0.0008  0.0008  0.0008

pRSK_N
  mean               0.4401  0.4339  0.4367  0.4243  0.4608  0.4449  0.4177   0.481
  std. dev.          0.0608  0.0476  0.0992  0.0317  0.0835   0.041  0.0629  0.0599
  weight sum            150     150     135     135     135     135     105     132
  precision          0.0005  0.0005  0.0005  0.0005  0.0005  0.0005  0.0005  0.0005

CREB_N
  mean               0.1772  0.1841  0.1776  0.1771  0.1779  0.1952  0.1649  0.1867
  std. dev.          0.0211  0.0344   0.029  0.0201  0.0213  0.0271  0.0179  0.0238
  weight sum            150     150     135     135     135     135     105     132
  precision          0.0002  0.0002  0.0002  0.0002  0.0002  0.0002  0.0002  0.0002

RSK_N
  mean               0.1662  0.1689   0.168  0.1698  0.1611  0.1823   0.159  0.1701
  std. dev.          0.0198  0.0364  0.0322  0.0261  0.0223  0.0303  0.0232  0.0233
  weight sum            150     150     135     135     135     135     105     132
  precision          0.0002  0.0002  0.0002  0.0002  0.0002  0.0002  0.0002  0.0002

APP_N
  mean               0.3966  0.3509  0.3899  0.3612  0.4342  0.4398  0.4415  0.4401
  std. dev.          0.0377  0.0459  0.0509  0.0473  0.0552  0.0427  0.0493  0.0681
  weight sum            150     150     135     135     135     135     105     132
  precision          0.0004  0.0004  0.0004  0.0004  0.0004  0.0004  0.0004  0.0004

SOD1_N
  mean               0.3307  0.6209  0.3248  0.8561  0.3078  0.8322  0.3158  0.7214
  std. dev.           0.035  0.1072  0.0492  0.2288  0.0327  0.2931  0.0324  0.2437
  weight sum            150     150     135     135     135     135     105     132
  precision          0.0015  0.0015  0.0015  0.0015  0.0015  0.0015  0.0015  0.0015

P38_N
  mean               0.4038  0.4828  0.3662  0.4637  0.3473  0.4945  0.3089  0.4256
  std. dev.          0.0489  0.0784  0.0496  0.0738   0.053  0.0898  0.0391  0.0666
  weight sum            150     150     135     135     135     135     105     132
  precision          0.0007  0.0007  0.0007  0.0007  0.0007  0.0007  0.0007  0.0007

pPKCG_N
  mean               1.4864   1.649  1.7143  1.3759  1.7296  1.5375  1.8369  2.3829
  std. dev.           0.644  0.2384  0.5908  0.3265  0.6673  0.1673  0.7765  0.2927
  weight sum            150     150     135     135     135     135     105     135
  precision          0.0026  0.0026  0.0026  0.0026  0.0026  0.0026  0.0026  0.0026

CDK5_N
  mean               0.3033  0.2692  0.3101  0.2761  0.2907  0.2817  0.3144  0.3002
  std. dev.           0.032    0.03  0.0573  0.0262  0.0308   0.025  0.0327  0.0281
  weight sum            150     150     135     135     135     135     105     135
  precision          0.0006  0.0006  0.0006  0.0006  0.0006  0.0006  0.0006  0.0006

BAX_N
  mean               0.1727  0.1769   0.188  0.1774  0.1737  0.1833  0.1831  0.1811
  std. dev.          0.0241  0.0162  0.0174  0.0178  0.0171  0.0159  0.0211  0.0136
  weight sum            150     150     135     135     135     135     105     135
  precision          0.0002  0.0002  0.0002  0.0002  0.0002  0.0002  0.0002  0.0002

ARC_N
  mean               0.1198  0.1281  0.1125  0.1329  0.1082  0.1373  0.1114  0.1192
  std. dev.          0.0169  0.0063  0.0096  0.0069  0.0081  0.0102  0.0104    0.01
  weight sum            150     150     135     135     135     135     105     135
  precision          0.0001  0.0001  0.0001  0.0001  0.0001  0.0001  0.0001  0.0001

ERBB4_N
  mean               0.1581  0.1553  0.1487  0.1622  0.1477   0.169   0.152  0.1576
  std. dev.          0.0198  0.0122  0.0159  0.0095  0.0085  0.0127  0.0132  0.0124
  weight sum            150     150     135     135     135     135     105     135
  precision          0.0001  0.0001  0.0001  0.0001  0.0001  0.0001  0.0001  0.0001

nNOS_N
  mean               0.1824  0.1848  0.1626  0.1933  0.1783  0.1937  0.1631  0.1877
  std. dev.          0.0262  0.0152  0.0296   0.018  0.0183  0.0191    0.03  0.0194
  weight sum            150     150     135     135     135     135     105     135
  precision          0.0002  0.0002  0.0002  0.0002  0.0002  0.0002  0.0002  0.0002

GFAP_N
  mean               0.1237  0.1138   0.127  0.1166  0.1181  0.1177  0.1293  0.1231
  std. dev.          0.0112  0.0138  0.0116  0.0111  0.0102  0.0148  0.0163  0.0079
  weight sum            150     150     135     135     135     135     105     135
  precision          0.0001  0.0001  0.0001  0.0001  0.0001  0.0001  0.0001  0.0001

GluR3_N
  mean               0.2299  0.2337  0.2279  0.2299  0.2257  0.2151  0.1965  0.2084
  std. dev.          0.0348  0.0379  0.0394  0.0315  0.0274  0.0313  0.0311  0.0262
  weight sum            150     150     135     135     135     135     105     135
  precision          0.0002  0.0002  0.0002  0.0002  0.0002  0.0002  0.0002  0.0002

IL1B_N
  mean                0.521  0.5821  0.4528  0.5854  0.4986  0.5727  0.4841  0.5071
  std. dev.          0.0822   0.072  0.0649  0.0606  0.0667  0.0756    0.05  0.0589
  weight sum            150     150     135     135     135     135     105     135
  precision          0.0006  0.0006  0.0006  0.0006  0.0006  0.0006  0.0006  0.0006

P3525_N
  mean               0.2983  0.2772   0.288  0.2905  0.2799   0.285  0.2996  0.3143
  std. dev.          0.0368   0.023  0.0343  0.0207  0.0206  0.0237  0.0342  0.0239
  weight sum            150     150     135     135     135     135     105     135
  precision          0.0002  0.0002  0.0002  0.0002  0.0002  0.0002  0.0002  0.0002

pCASP9_N
  mean               1.5236  1.6385  1.5075  1.5319  1.4586  1.6749  1.4917    1.54
  std. dev.          0.2539  0.2576  0.3364  0.1507  0.2126  0.1899  0.2398  0.2158
  weight sum            150     150     135     135     135     135     105     135
  precision          0.0016  0.0016  0.0016  0.0016  0.0016  0.0016  0.0016  0.0016

Ubiquitin_N
  mean               1.1779  1.4035  1.0642  1.2719  1.0868   1.416  1.1938  1.2782
  std. dev.          0.1408  0.1289  0.1091  0.0891  0.1073  0.1316  0.1257   0.126
  weight sum            150     150     135     135     135     135     105     135
  precision          0.0011  0.0011  0.0011  0.0011  0.0011  0.0011  0.0011  0.0011

SHH_N
  mean               0.2269  0.2245  0.2148  0.2419  0.2169  0.2307  0.2221  0.2348
  std. dev.          0.0258  0.0326  0.0184  0.0304  0.0214  0.0357  0.0251  0.0272
  weight sum            150     150     135     135     135     135     105     135
  precision          0.0002  0.0002  0.0002  0.0002  0.0002  0.0002  0.0002  0.0002

BAD_N
  mean               0.1569  0.1693  0.1447  0.1561  0.1506  0.1537  0.1509  0.1746
  std. dev.          0.0272  0.0398  0.0204  0.0226  0.0297   0.027  0.0306  0.0227
  weight sum            120     102      90     120     105      90     105     135
  precision          0.0002  0.0002  0.0002  0.0002  0.0002  0.0002  0.0002  0.0002

H3AcK18_N
  mean                0.142  0.1857  0.1455  0.1525  0.1496  0.2262  0.1584  0.2089
  std. dev.          0.0251  0.0523  0.0374  0.0334  0.0364  0.1093  0.0514  0.0562
  weight sum            120     120     105     120     120      75     105     135
  precision          0.0004  0.0004  0.0004  0.0004  0.0004  0.0004  0.0004  0.0004

H3MeK4_N
  mean               0.1787  0.2208   0.172  0.2191  0.1809  0.2476  0.1914  0.2265
  std. dev.           0.044  0.0527   0.033  0.0595   0.038  0.0654  0.0529  0.0439
  weight sum             90      90      90     105     105      90     105     135
  precision          0.0004  0.0004  0.0004  0.0004  0.0004  0.0004  0.0004  0.0004

CaNA_N
  mean               1.5237  1.0099  1.6176  1.1577  1.6333  1.0412  1.5526  1.2298
  std. dev.          0.2004  0.1354  0.2683  0.1651  0.2114  0.1577  0.2363  0.1873
  weight sum            150     150     135     135     135     135     105     135
  precision          0.0014  0.0014  0.0014  0.0014  0.0014  0.0014  0.0014  0.0014

Genotype=Ts65Dn
  mean                    0       0       0       0       1       1       1       1
  std. dev.          0.1667  0.1667  0.1667  0.1667  0.1667  0.1667  0.1667  0.1667
  weight sum            150     150     135     135     135     135     105     135
  precision               1       1       1       1       1       1       1       1

Treatment=Saline
  mean                    0       0       1       1       0       0       1       1
  std. dev.          0.1667  0.1667  0.1667  0.1667  0.1667  0.1667  0.1667  0.1667
  weight sum            150     150     135     135     135     135     105     135
  precision               1       1       1       1       1       1       1       1

Behavior=S/C
  mean                    0       1       0       1       0       1       0       1
  std. dev.          0.1667  0.1667  0.1667  0.1667  0.1667  0.1667  0.1667  0.1667
  weight sum            150     150     135     135     135     135     105     135
  precision               1       1       1       1       1       1       1       1



Time taken to build model: 0.03 seconds

=== Stratified cross-validation ===
=== Summary ===

Correctly Classified Instances        1055               97.6852 %
Incorrectly Classified Instances        25                2.3148 %
Kappa statistic                          0.9735
Mean absolute error                      0.0065
Root mean squared error                  0.0654
Relative absolute error                  2.9606 %
Root relative squared error             19.7983 %
Coverage of cases (0.95 level)          99.1667 %
Mean rel. region size (0.95 level)      13.1366 %
Total Number of Instances             1080     

=== Detailed Accuracy By Class ===

                 TP Rate  FP Rate  Precision  Recall   F-Measure  MCC      ROC Area  PRC Area  Class
                 0.973    0.003    0.980      0.973    0.977      0.973    1.000     0.998     c-CS-m
                 0.987    0.010    0.943      0.987    0.964      0.959    1.000     0.998     c-SC-m
                 0.978    0.001    0.992      0.978    0.985      0.983    1.000     0.998     c-CS-s
                 0.978    0.000    1.000      0.978    0.989      0.987    0.999     0.997     c-SC-s
                 0.978    0.004    0.971      0.978    0.974      0.970    1.000     0.998     t-CS-m
                 0.941    0.003    0.977      0.941    0.958      0.953    0.999     0.996     t-SC-m
                 0.981    0.003    0.972      0.981    0.976      0.974    0.999     0.993     t-CS-s
                 1.000    0.002    0.985      1.000    0.993      0.992    1.000     1.000     t-SC-s
Weighted Avg.    0.977    0.003    0.977      0.977    0.977      0.974    1.000     0.997     

=== Confusion Matrix ===

   a   b   c   d   e   f   g   h   <-- classified as
 146   0   0   0   4   0   0   0 |   a = c-CS-m
   0 148   0   0   0   2   0   0 |   b = c-SC-m
   0   0 132   0   0   0   3   0 |   c = c-CS-s
   0   1   0 132   0   0   0   2 |   d = c-SC-s
   3   0   0   0 132   0   0   0 |   e = t-CS-m
   0   8   0   0   0 127   0   0 |   f = t-SC-m
   0   0   1   0   0   1 103   0 |   g = t-CS-s
   0   0   0   0   0   0   0 135 |   h = t-SC-s

