=== Run information ===

Scheme:       weka.classifiers.bayes.NaiveBayes 
Relation:     mice-weka.filters.unsupervised.attribute.Remove-R1-weka.filters.unsupervised.attribute.NominalToBinary-R78-80-weka.filters.unsupervised.attribute.RandomSubset-N32.0-S42
Instances:    1080
Attributes:   33
              ITSN1_N
              BDNF_N
              pBRAF_N
              pCREB_N
              pERK_N
              pJNK_N
              PKCA_N
              pMEK_N
              CREB_N
              ELK_N
              ERK_N
              MEK_N
              TRKA_N
              APP_N
              Bcatenin_N
              pNUMB_N
              RAPTOR_N
              pP70S6_N
              pGSK3B_N
              pPKCG_N
              ADARB1_N
              AcetylH3K9_N
              BAX_N
              ARC_N
              nNOS_N
              IL1B_N
              P3525_N
              pCASP9_N
              PSD95_N
              pGSK3B_Tyr216_N
              SHH_N
              pS6_N
              class
Test mode:    10-fold cross-validation

=== Classifier model (full training set) ===

Naive Bayes Classifier

                    Class
Attribute          c-CS-m  c-SC-m  c-CS-s  c-SC-s  t-CS-m  t-SC-m  t-CS-s  t-SC-s
                   (0.14)  (0.14)  (0.13)  (0.13)  (0.13)  (0.13)   (0.1)  (0.13)
==================================================================================
ITSN1_N
  mean              0.6527  0.4364  0.7724  0.4493  0.7971  0.5668  0.7595   0.549
  std. dev.         0.1534  0.0688  0.5015  0.0739  0.1867  0.0776  0.1534   0.111
  weight sum           150     150     135     135     135     135     105     132
  precision         0.0022  0.0022  0.0022  0.0022  0.0022  0.0022  0.0022  0.0022

BDNF_N
  mean              0.3392   0.291  0.3423  0.3134  0.3127  0.3211  0.3054  0.3256
  std. dev.         0.0467  0.0385  0.0547  0.0435   0.051  0.0331  0.0431  0.0573
  weight sum           150     150     135     135     135     135     105     132
  precision         0.0004  0.0004  0.0004  0.0004  0.0004  0.0004  0.0004  0.0004

pBRAF_N
  mean              0.1822  0.1895  0.1684   0.185   0.174   0.201  0.1648  0.1853
  std. dev.         0.0192  0.0308  0.0334   0.023  0.0207   0.024  0.0187   0.023
  weight sum           150     150     135     135     135     135     105     132
  precision         0.0002  0.0002  0.0002  0.0002  0.0002  0.0002  0.0002  0.0002

pCREB_N
  mean              0.1985  0.2082  0.2084   0.215  0.2034  0.2318    0.21  0.2272
  std. dev.         0.0274  0.0334  0.0382  0.0294  0.0246  0.0281  0.0281  0.0341
  weight sum           150     150     135     135     135     135     105     132
  precision         0.0002  0.0002  0.0002  0.0002  0.0002  0.0002  0.0002  0.0002

pERK_N
  mean              0.6908  0.3544  0.8216  0.3259  0.8002  0.3555  0.6951  0.3578
  std. dev.         0.1948  0.0456  0.6778  0.0561  0.2115  0.0628  0.2404  0.0922
  weight sum           150     150     135     135     135     135     105     132
  precision         0.0032  0.0032  0.0032  0.0032  0.0032  0.0032  0.0032  0.0032

pJNK_N
  mean              0.3211  0.3389  0.2844    0.31  0.2772   0.351  0.3003  0.3185
  std. dev.         0.0306  0.0413  0.0726    0.04   0.044  0.0365  0.0477  0.0471
  weight sum           150     150     135     135     135     135     105     132
  precision         0.0004  0.0004  0.0004  0.0004  0.0004  0.0004  0.0004  0.0004

PKCA_N
  mean              0.3399  0.2896  0.3527  0.2896  0.3201  0.3156  0.3096  0.3255
  std. dev.         0.0383  0.0279  0.0476  0.0394  0.0661  0.0297  0.0527  0.0676
  weight sum           150     150     135     135     135     135     105     132
  precision         0.0003  0.0003  0.0003  0.0003  0.0003  0.0003  0.0003  0.0003

pMEK_N
  mean              0.2681  0.2861   0.257  0.2764  0.2517  0.3136  0.2517  0.2905
  std. dev.           0.03  0.0427  0.0619   0.036  0.0327   0.037  0.0397  0.0449
  weight sum           150     150     135     135     135     135     105     132
  precision         0.0004  0.0004  0.0004  0.0004  0.0004  0.0004  0.0004  0.0004

CREB_N
  mean              0.1772  0.1841  0.1776  0.1771  0.1779  0.1952  0.1649  0.1867
  std. dev.         0.0211  0.0344   0.029  0.0201  0.0213  0.0271  0.0179  0.0238
  weight sum           150     150     135     135     135     135     105     132
  precision         0.0002  0.0002  0.0002  0.0002  0.0002  0.0002  0.0002  0.0002

ELK_N
  mean              1.2426  1.0368  1.2927  1.2304  1.0626  1.1578  1.2355   1.163
  std. dev.         0.3843  0.1771  0.4869  0.2892  0.3266  0.2081  0.3569  0.2971
  weight sum           150     150     120     135     135     135     105     132
  precision         0.0022  0.0022  0.0022  0.0022  0.0022  0.0022  0.0022  0.0022

ERK_N
  mean              2.8571   2.038  2.8647  2.3609  2.2937  2.3681  2.6981  2.3683
  std. dev.         0.7205  0.4422  0.6705  0.5448  0.5685  0.4944  0.6338  0.5974
  weight sum           150     150     135     135     135     135     105     132
  precision         0.0038  0.0038  0.0038  0.0038  0.0038  0.0038  0.0038  0.0038

MEK_N
  mean              0.2712  0.2611  0.2777  0.2725   0.259  0.2898  0.2629  0.2879
  std. dev.         0.0344  0.0359  0.0531    0.04  0.0383  0.0337  0.0396  0.0396
  weight sum           150     150     131     135     135     135     105     132
  precision         0.0003  0.0003  0.0003  0.0003  0.0003  0.0003  0.0003  0.0003

TRKA_N
  mean               0.726  0.6186  0.7056  0.6833  0.6892  0.7236  0.7075  0.6996
  std. dev.         0.1035  0.0928   0.136  0.1179  0.1339  0.1093  0.1057  0.1243
  weight sum           150     150     135     135     135     135     105     132
  precision         0.0007  0.0007  0.0007  0.0007  0.0007  0.0007  0.0007  0.0007

APP_N
  mean              0.3966  0.3509  0.3899  0.3612  0.4342  0.4398  0.4415  0.4401
  std. dev.         0.0377  0.0459  0.0509  0.0473  0.0552  0.0427  0.0493  0.0681
  weight sum           150     150     135     135     135     135     105     132
  precision         0.0004  0.0004  0.0004  0.0004  0.0004  0.0004  0.0004  0.0004

Bcatenin_N
  mean                2.15  1.9709  2.2288  2.2556  2.0374  2.2965   1.997  2.2363
  std. dev.         0.3693  0.3571   0.452  0.4755  0.4308  0.3976  0.3355  0.5068
  weight sum           150     150     135     120     135     135     105     132
  precision         0.0024  0.0024  0.0024  0.0024  0.0024  0.0024  0.0024  0.0024

pNUMB_N
  mean              0.4109  0.3333  0.3971  0.2957  0.3378  0.3588  0.3636  0.3577
  std. dev.         0.0637  0.0377  0.0682  0.0377  0.0451  0.0428  0.0426  0.0685
  weight sum           150     150     135     135     135     135     105     132
  precision         0.0004  0.0004  0.0004  0.0004  0.0004  0.0004  0.0004  0.0004

RAPTOR_N
  mean              0.3277  0.3241   0.322  0.3072  0.2792  0.3555  0.2722   0.327
  std. dev.         0.0504  0.0489  0.0528   0.039   0.033  0.0531  0.0309  0.0646
  weight sum           150     150     135     135     135     135     105     132
  precision         0.0003  0.0003  0.0003  0.0003  0.0003  0.0003  0.0003  0.0003

pP70S6_N
  mean              0.3229  0.4213  0.3504  0.3795  0.3922   0.409  0.2822  0.5826
  std. dev.         0.1446  0.0744  0.1532  0.0898  0.2152  0.0737  0.1257  0.1286
  weight sum           150     150     135     135     135     135     105     132
  precision         0.0009  0.0009  0.0009  0.0009  0.0009  0.0009  0.0009  0.0009

pGSK3B_N
  mean              0.1663   0.144  0.1778  0.1481   0.168  0.1507   0.171  0.1675
  std. dev.         0.0159  0.0134  0.0235  0.0091  0.0167  0.0144  0.0158  0.0103
  weight sum           150     150     135     135     135     135     105     135
  precision         0.0001  0.0001  0.0001  0.0001  0.0001  0.0001  0.0001  0.0001

pPKCG_N
  mean              1.4864   1.649  1.7143  1.3759  1.7296  1.5375  1.8369  2.3829
  std. dev.          0.644  0.2384  0.5908  0.3265  0.6673  0.1673  0.7765  0.2927
  weight sum           150     150     135     135     135     135     105     135
  precision         0.0026  0.0026  0.0026  0.0026  0.0026  0.0026  0.0026  0.0026

ADARB1_N
  mean              1.3536  1.0322  1.3694  1.1749  1.0274  1.2805  1.2763  1.0836
  std. dev.         0.4093  0.2053  0.4471  0.2725  0.3293  0.2147  0.4412  0.3027
  weight sum           150     150     135     135     135     135     105     135
  precision         0.0019  0.0019  0.0019  0.0019  0.0019  0.0019  0.0019  0.0019

AcetylH3K9_N
  mean              0.1493  0.1554  0.1594  0.2358  0.1915  0.2998  0.2153  0.3395
  std. dev.          0.066  0.0718  0.0821  0.3101  0.0864   0.292  0.1315  0.1393
  weight sum           150     150     135     135     135     135     105     135
  precision         0.0013  0.0013  0.0013  0.0013  0.0013  0.0013  0.0013  0.0013

BAX_N
  mean              0.1727  0.1769   0.188  0.1774  0.1737  0.1833  0.1831  0.1811
  std. dev.         0.0241  0.0162  0.0174  0.0178  0.0171  0.0159  0.0211  0.0136
  weight sum           150     150     135     135     135     135     105     135
  precision         0.0002  0.0002  0.0002  0.0002  0.0002  0.0002  0.0002  0.0002

ARC_N
  mean              0.1198  0.1281  0.1125  0.1329  0.1082  0.1373  0.1114  0.1192
  std. dev.         0.0169  0.0063  0.0096  0.0069  0.0081  0.0102  0.0104    0.01
  weight sum           150     150     135     135     135     135     105     135
  precision         0.0001  0.0001  0.0001  0.0001  0.0001  0.0001  0.0001  0.0001

nNOS_N
  mean              0.1824  0.1848  0.1626  0.1933  0.1783  0.1937  0.1631  0.1877
  std. dev.         0.0262  0.0152  0.0296   0.018  0.0183  0.0191    0.03  0.0194
  weight sum           150     150     135     135     135     135     105     135
  precision         0.0002  0.0002  0.0002  0.0002  0.0002  0.0002  0.0002  0.0002

IL1B_N
  mean               0.521  0.5821  0.4528  0.5854  0.4986  0.5727  0.4841  0.5071
  std. dev.         0.0822   0.072  0.0649  0.0606  0.0667  0.0756    0.05  0.0589
  weight sum           150     150     135     135     135     135     105     135
  precision         0.0006  0.0006  0.0006  0.0006  0.0006  0.0006  0.0006  0.0006

P3525_N
  mean              0.2983  0.2772   0.288  0.2905  0.2799   0.285  0.2996  0.3143
  std. dev.         0.0368   0.023  0.0343  0.0207  0.0206  0.0237  0.0342  0.0239
  weight sum           150     150     135     135     135     135     105     135
  precision         0.0002  0.0002  0.0002  0.0002  0.0002  0.0002  0.0002  0.0002

pCASP9_N
  mean              1.5236  1.6385  1.5075  1.5319  1.4586  1.6749  1.4917    1.54
  std. dev.         0.2539  0.2576  0.3364  0.1507  0.2126  0.1899  0.2398  0.2158
  weight sum           150     150     135     135     135     135     105     135
  precision         0.0016  0.0016  0.0016  0.0016  0.0016  0.0016  0.0016  0.0016

PSD95_N
  mean              2.1414   2.348  2.0762  2.3572  2.2186  2.3773  2.1623  2.1826
  std. dev.         0.2784   0.214  0.2034  0.1991  0.2217  0.2766  0.2272  0.2053
  weight sum           150     150     135     135     135     135     105     135
  precision         0.0016  0.0016  0.0016  0.0016  0.0016  0.0016  0.0016  0.0016

pGSK3B_Tyr216_N
  mean              0.8667  0.8255  0.8478  0.8114   0.882  0.8343  0.8391  0.8819
  std. dev.         0.0996  0.0596  0.1349  0.0732  0.0705  0.0874  0.0968  0.0884
  weight sum           150     150     135     135     135     135     105     135
  precision         0.0006  0.0006  0.0006  0.0006  0.0006  0.0006  0.0006  0.0006

SHH_N
  mean              0.2269  0.2245  0.2148  0.2419  0.2169  0.2307  0.2221  0.2348
  std. dev.         0.0258  0.0326  0.0184  0.0304  0.0214  0.0357  0.0251  0.0272
  weight sum           150     150     135     135     135     135     105     135
  precision         0.0002  0.0002  0.0002  0.0002  0.0002  0.0002  0.0002  0.0002

pS6_N
  mean              0.1198  0.1281  0.1125  0.1329  0.1082  0.1373  0.1114  0.1192
  std. dev.         0.0169  0.0063  0.0096  0.0069  0.0081  0.0102  0.0104    0.01
  weight sum           150     150     135     135     135     135     105     135
  precision         0.0001  0.0001  0.0001  0.0001  0.0001  0.0001  0.0001  0.0001



Time taken to build model: 0.05 seconds

=== Stratified cross-validation ===
=== Summary ===

Correctly Classified Instances         789               73.0556 %
Incorrectly Classified Instances       291               26.9444 %
Kappa statistic                          0.6914
Mean absolute error                      0.0727
Root mean squared error                  0.2355
Relative absolute error                 33.3    %
Root relative squared error             71.2629 %
Coverage of cases (0.95 level)          86.4815 %
Mean rel. region size (0.95 level)      18.3912 %
Total Number of Instances             1080     

=== Detailed Accuracy By Class ===

                 TP Rate  FP Rate  Precision  Recall   F-Measure  MCC      ROC Area  PRC Area  Class
                 0.680    0.056    0.662      0.680    0.671      0.617    0.932     0.761     c-CS-m
                 0.867    0.039    0.783      0.867    0.823      0.794    0.979     0.885     c-SC-m
                 0.533    0.034    0.692      0.533    0.603      0.560    0.954     0.715     c-CS-s
                 0.607    0.015    0.854      0.607    0.710      0.689    0.958     0.810     c-SC-s
                 0.815    0.070    0.625      0.815    0.707      0.667    0.948     0.782     t-CS-m
                 0.770    0.038    0.743      0.770    0.756      0.721    0.971     0.851     t-SC-m
                 0.562    0.029    0.678      0.562    0.615      0.580    0.922     0.710     t-CS-s
                 0.963    0.029    0.828      0.963    0.890      0.877    0.993     0.933     t-SC-s
Weighted Avg.    0.731    0.039    0.734      0.731    0.726      0.692    0.958     0.809     

=== Confusion Matrix ===

   a   b   c   d   e   f   g   h   <-- classified as
 102   0  13   0  27   0   5   3 |   a = c-CS-m
   0 130   1   6   0  13   0   0 |   b = c-SC-m
  23   0  72   0  15   0  19   6 |   c = c-CS-s
   1  18   0  82   0  22   0  12 |   d = c-SC-s
  14   0   8   0 110   0   3   0 |   e = t-CS-m
   2  18   3   7   0 104   1   0 |   f = t-SC-m
  12   0   5   0  22   1  59   6 |   g = t-CS-s
   0   0   2   1   2   0   0 130 |   h = t-SC-s

