=== Run information ===

Scheme:       weka.clusterers.EM -I 100 -N -1 -X 10 -max -1 -ll-cv 1.0E-6 -ll-iter 1.0E-6 -M 1.0E-6 -K 10 -num-slots 1 -S 100
Relation:     mice-weka.filters.unsupervised.attribute.Remove-R1-weka.filters.unsupervised.attribute.NominalToBinary-R78-80-weka.filters.unsupervised.attribute.RandomSubset-N32.0-S40
Instances:    1080
Attributes:   33
              NR1_N
              NR2A_N
              pCREB_N
              pERK_N
              pMEK_N
              pNR1_N
              pRSK_N
              CREB_N
              RSK_N
              APP_N
              SOD1_N
              P38_N
              pPKCG_N
              CDK5_N
              BAX_N
              ARC_N
              ERBB4_N
              nNOS_N
              GFAP_N
              GluR3_N
              IL1B_N
              P3525_N
              pCASP9_N
              Ubiquitin_N
              SHH_N
              BAD_N
              H3AcK18_N
              H3MeK4_N
              CaNA_N
              Genotype=Ts65Dn
              Treatment=Saline
              Behavior=S/C
Ignored:
              class
Test mode:    Classes to clusters evaluation on training data

=== Clustering model (full training set) ===


EM
==

Number of clusters selected by cross validation: 16
Number of iterations performed: 1


                   Cluster
Attribute                0       1       2       3       4       5       6       7       8       9      10      11      12      13      14      15
                    (0.05)  (0.05)  (0.06)  (0.05)  (0.03)  (0.04)  (0.09)  (0.08)  (0.05)  (0.08)   (0.1)  (0.12)  (0.06)  (0.07)  (0.05)  (0.03)
===================================================================================================================================================
NR1_N
  mean               2.1929  2.5398  2.1298  1.9054  2.1629   1.996  2.5945  2.1924  2.5212  2.4642  2.4439  2.2218  2.3884  2.0946  1.9966  2.7208
  std. dev.          0.2417    0.25  0.2512  0.2749  0.2478  0.2416  0.2202  0.2486  0.3882  0.2398  0.2152    0.33  0.3706  0.2644  0.2553  0.2112

NR2A_N
  mean               3.5935  4.2351  3.1598  2.6654  3.6398  2.9414  4.3718  3.5392  4.8181  4.1702  4.1475  3.6567   4.593  3.5905  3.3676  4.5849
  std. dev.          0.5719  0.6187  0.4355  0.4832  0.7341  0.4219  0.6402   0.608  1.1025  0.7646  0.8334   0.842  1.1421  0.6529  0.8423  0.5488

pCREB_N
  mean                0.177  0.2167  0.2321  0.2031  0.1946  0.1862  0.2289  0.2105   0.232  0.2405  0.2426  0.2043  0.2034  0.1849  0.1674  0.2354
  std. dev.          0.0237  0.0249  0.0278  0.0341  0.0188   0.018  0.0234  0.0213  0.0269  0.0239  0.0185  0.0223   0.019  0.0223  0.0188  0.0349

pERK_N
  mean               0.4862  0.8114  0.3632  0.2655    0.37  0.2841  0.3501  0.6744  1.2472   0.418   0.354  0.8165   0.662  0.3429  0.6076  0.6553
  std. dev.          0.0833  0.1698  0.0463  0.0445   0.083  0.0412  0.0464  0.2422  0.8762  0.0663  0.0567  0.2182  0.1448  0.0454  0.1893  0.1393

pMEK_N
  mean               0.2045  0.2848  0.3226   0.255  0.2868  0.2382  0.2941  0.2583  0.3101  0.3123  0.3209  0.2516  0.2633  0.2547  0.2334  0.2706
  std. dev.          0.0441  0.0269  0.0337   0.033  0.0322  0.0251   0.023  0.0367  0.0339  0.0358  0.0328  0.0325  0.0197  0.0267  0.0339  0.0334

pNR1_N
  mean               0.7777  0.8785  0.7947  0.6862  0.8166  0.7521   0.928  0.7616  0.8932  0.8784  0.8762  0.7792  0.8819  0.7863  0.7463  0.9533
  std. dev.          0.0709  0.0951  0.0806  0.0956  0.0933  0.0696  0.0829  0.0868   0.146  0.0863  0.0777  0.1104  0.1314  0.0901  0.0894  0.0739

pRSK_N
  mean               0.3872   0.505  0.4684   0.433  0.4035  0.3988  0.4369  0.4282  0.4863   0.509   0.457  0.4574  0.3866  0.4016   0.414   0.468
  std. dev.          0.1113  0.0463  0.0357  0.0342  0.0242  0.0319  0.0264  0.0618  0.0523  0.0513   0.035  0.0849  0.0251  0.0356  0.0539  0.0681

CREB_N
  mean               0.1556   0.178  0.2135  0.1689  0.1691  0.1673  0.1792  0.1678  0.2045  0.1988  0.2027   0.176  0.1829  0.1613  0.1656  0.1684
  std. dev.          0.0189  0.0161  0.0301  0.0166   0.019  0.0173  0.0164  0.0179  0.0197  0.0207  0.0226  0.0213   0.019  0.0225  0.0249  0.0143

RSK_N
  mean               0.1442  0.1712  0.2026  0.1615  0.1606   0.151  0.1774  0.1627  0.1951  0.1755  0.1889  0.1607  0.1675  0.1404  0.1532  0.1588
  std. dev.          0.0179  0.0186  0.0279  0.0285  0.0204  0.0184  0.0229  0.0219  0.0284  0.0174  0.0287  0.0226  0.0166  0.0185  0.0231  0.0128

APP_N
  mean               0.3553  0.4198   0.351  0.3781  0.4315  0.3289  0.3735  0.4417  0.4293  0.4777  0.4412  0.4339  0.3991  0.3462  0.3715  0.4217
  std. dev.          0.0335  0.0487   0.039  0.0459  0.0396  0.0463  0.0301   0.048  0.0432  0.0492  0.0449  0.0536  0.0247  0.0517   0.034  0.0547

SOD1_N
  mean               0.2904  0.3229  0.6719  0.7984  0.7461  0.7272  0.8908  0.3181   0.366  0.6584  0.8668  0.3076  0.3376  0.5625  0.3105  0.3283
  std. dev.            0.04  0.0233  0.0772  0.2978  0.1568  0.1838  0.2201  0.0308  0.0372   0.181  0.3151  0.0316  0.0244  0.1012  0.0475  0.0315

P38_N
  mean                0.366  0.3901  0.4909  0.3878   0.583  0.4938  0.4503  0.3074  0.3744  0.4528  0.4713  0.3359  0.4168  0.4717   0.393  0.3635
  std. dev.          0.0355  0.0256  0.0857  0.0616  0.1095  0.1116  0.0448  0.0398  0.0661  0.0584  0.0672  0.0514  0.0489   0.063  0.0597  0.0314

pPKCG_N
  mean               2.0742  2.1579  1.7982  2.4248    1.41  1.1851  1.4709  1.9142  1.4279  2.3502  1.5629  1.7056  0.8808  1.5334  1.4144  1.9186
  std. dev.          0.4141  0.3103  0.1438     0.3  0.1532  0.1556  0.3099   0.728  0.5764  0.2792  0.1562  0.6852  0.1024  0.2321  0.6375  0.4114

CDK5_N
  mean               0.3008  0.3064  0.2775  0.2943  0.2469  0.2493  0.2872  0.3197  0.2982  0.3037  0.2911   0.292  0.3269   0.262  0.2554  0.3528
  std. dev.          0.0752  0.0161  0.0325  0.0278  0.0171  0.0265  0.0165  0.0277   0.021  0.0268  0.0171  0.0249  0.0216  0.0259  0.0275  0.0287

BAX_N
  mean               0.1801  0.1723   0.172  0.1737  0.1847  0.1622  0.1849  0.1874  0.1849  0.1862  0.1822  0.1756  0.1791  0.1802  0.1526  0.2086
  std. dev.          0.0156  0.0131  0.0143  0.0135  0.0213  0.0173  0.0136  0.0148  0.0157   0.011  0.0142  0.0143  0.0266  0.0159  0.0258  0.0076

ARC_N
  mean               0.1109  0.1215    0.13  0.1169  0.1302  0.1312  0.1332  0.1125  0.1092  0.1212  0.1392  0.1079  0.1314  0.1266  0.0976  0.1241
  std. dev.          0.0065  0.0096  0.0065  0.0072  0.0111  0.0073  0.0065  0.0092  0.0084   0.011   0.009  0.0071  0.0119  0.0063  0.0095  0.0076

ERBB4_N
  mean               0.1497  0.1601  0.1626  0.1552  0.1564  0.1634   0.161  0.1538  0.1403  0.1596  0.1724  0.1469  0.1723  0.1489  0.1308  0.1699
  std. dev.          0.0081  0.0091  0.0102  0.0083  0.0097  0.0112  0.0081  0.0105  0.0104   0.014  0.0114  0.0072  0.0144  0.0112  0.0129  0.0119

nNOS_N
  mean               0.1619  0.1989  0.1811  0.1841  0.1907  0.1754  0.2014  0.1614  0.1501  0.1897  0.1942    0.18  0.1882  0.1869  0.1436  0.2058
  std. dev.          0.0158  0.0184  0.0124  0.0175  0.0216  0.0121   0.014  0.0276  0.0178  0.0201  0.0179   0.017  0.0186  0.0164  0.0179  0.0316

GFAP_N
  mean               0.1185  0.1187  0.1213  0.1252  0.1212  0.1213  0.1115  0.1308  0.1323  0.1218  0.1173  0.1174  0.1317  0.1099  0.1208  0.1284
  std. dev.          0.0073  0.0075  0.0147  0.0093  0.0217  0.0136  0.0093  0.0172  0.0122  0.0063  0.0118  0.0088  0.0082  0.0102  0.0139  0.0078

GluR3_N
  mean               0.2406   0.233   0.228  0.2063   0.201  0.2286  0.2294  0.1953   0.201  0.2112  0.2198  0.2251  0.2399  0.2396  0.2008  0.2621
  std. dev.           0.026  0.0265  0.0485   0.023   0.017  0.0309  0.0316  0.0312  0.0293  0.0279  0.0336  0.0254  0.0392  0.0276  0.0306  0.0316

IL1B_N
  mean                0.486  0.5095   0.623  0.5439  0.5198  0.6313   0.557  0.4877  0.3997  0.4866  0.5916  0.4932  0.5921  0.5557  0.4244  0.5263
  std. dev.          0.0313  0.0331  0.0739    0.05  0.0625  0.0593  0.0411  0.0498  0.0465  0.0522   0.073  0.0651  0.0518  0.0587  0.0613  0.0283

P3525_N
  mean               0.2961  0.3145  0.2932   0.317  0.2722  0.2839  0.2884   0.304  0.2686  0.3124   0.289  0.2753  0.3151  0.2661   0.254  0.3256
  std. dev.          0.0224  0.0248  0.0226  0.0195  0.0226  0.0232  0.0183  0.0319  0.0316   0.026  0.0228  0.0184  0.0201  0.0182  0.0292  0.0179

pCASP9_N
  mean               1.4734  1.6123  1.7103  1.4343  1.5725  1.4694   1.566  1.4974  1.2921  1.5973     1.7  1.4701  1.6545  1.6082  1.2017  1.9863
  std. dev.          0.1957   0.184   0.236  0.1263  0.1887  0.1515  0.1473  0.2085  0.1813  0.2336  0.1829  0.2107  0.1629  0.2693  0.1416  0.3029

Ubiquitin_N
  mean               1.0511  1.2003  1.4868  1.2058  1.2656  1.1886  1.3237  1.2165  1.0548  1.3258  1.4514  1.0758  1.2748  1.3494   0.989  1.1843
  std. dev.          0.0685  0.0769  0.1061  0.0812  0.1022   0.085  0.0661  0.1093   0.124  0.1258    0.11  0.1019  0.0975   0.116  0.0816  0.0828

SHH_N
  mean               0.2205  0.2398    0.23  0.2523  0.2355  0.2521  0.2293  0.2248  0.2055  0.2239  0.2321  0.2141   0.234  0.2238  0.2018  0.2295
  std. dev.          0.0142  0.0177  0.0368  0.0293  0.0237  0.0257  0.0311  0.0243  0.0179  0.0187  0.0412  0.0214  0.0168  0.0251  0.0272  0.0125

BAD_N
  mean               0.1482  0.1482  0.1769  0.1837  0.1511  0.1707  0.1473  0.1556  0.1532  0.1683  0.1567  0.1488  0.1635  0.1611  0.1588  0.1398
  std. dev.          0.0137  0.0203  0.0335  0.0227  0.0131  0.0232  0.0184  0.0327  0.0203  0.0203  0.0241  0.0272  0.0216  0.0306   0.026  0.0086

H3AcK18_N
  mean               0.1372  0.1429  0.2113  0.2479  0.1552  0.1628  0.1454  0.1652  0.1675  0.1848  0.2158  0.1473  0.1587  0.1662  0.1415  0.1453
  std. dev.          0.0309  0.0285  0.0467  0.0504  0.0179  0.0219  0.0313   0.053  0.0254  0.0434  0.0927  0.0362  0.0173  0.0362  0.0284  0.0355

H3MeK4_N
  mean               0.1726  0.1715  0.2333   0.254  0.2514   0.259  0.1963  0.1991  0.2005  0.2082  0.2294  0.1825  0.2116   0.199   0.183  0.1603
  std. dev.          0.0317   0.026  0.0455  0.0444  0.0872  0.0703  0.0197  0.0556  0.0199  0.0321  0.0424   0.036  0.0286  0.0343  0.0355  0.0208

CaNA_N
  mean               1.6159  1.5736   1.089  1.2292  0.8357  1.0311  1.1878  1.5921  1.5059  1.2245   1.106   1.649  1.6009  0.9458    1.23  1.8952
  std. dev.          0.2004  0.0994  0.1048  0.1581  0.1186  0.1703  0.1411  0.1986  0.2561  0.2056  0.1064  0.1828  0.1082  0.1316  0.2427  0.1386

Genotype=Ts65Dn
  mean               0.0462  0.0973  0.0361  0.9904  0.9344  0.0001  0.0109  0.9714  0.0338  0.9589  0.9644  0.9365  0.0645  0.0224  0.2905  0.2569
  std. dev.            0.21  0.2964  0.1866  0.0973  0.2476  0.0102  0.1038  0.1668  0.1808  0.1984  0.1852  0.2438  0.2456   0.148   0.454  0.4369

Treatment=Saline
  mean               0.8697  0.0295  0.0009  0.9987  0.0623   0.909  0.8418  0.9761  0.8978  0.9878  0.0234  0.0677       0  0.0174  0.2866  0.8774
  std. dev.          0.3366  0.1693  0.0305  0.0364  0.2417  0.2877   0.365  0.1526  0.3029    0.11  0.1512  0.2513       0  0.1307  0.4522   0.328

Behavior=S/C
  mean                    0       0  0.9997  0.9987       1       1       1       0       0  0.9996  0.9989       0       0       1  0.0059       0
  std. dev.               0     0.5  0.0162  0.0363     0.5  0.0003       0       0  0.0006  0.0204  0.0338       0     0.5       0  0.0764     0.5



Time taken to build model (full training data) : 73.19 seconds

=== Model and evaluation on training set ===

Clustered Instances

 0        74 (  7%)
 1        33 (  3%)
 2        48 (  4%)
 3        53 (  5%)
 4        30 (  3%)
 5        45 (  4%)
 6       123 ( 11%)
 7        91 (  8%)
 8        58 (  5%)
 9        83 (  8%)
10       105 ( 10%)
11       139 ( 13%)
12        65 (  6%)
13        68 (  6%)
14        41 (  4%)
15        24 (  2%)


Log likelihood: 54.62672


Class attribute: class
Classes to Clusters:

   0   1   2   3   4   5   6   7   8   9  10  11  12  13  14  15  <-- assigned to cluster
  17  33   0   0   0   0   0   0   7   0   0  16  60   0  17   0 | c-CS-m
   0   0  48   0   0   4  30   0   0   0   0   0   0  68   0   0 | c-SC-m
  57   0   0   0   0   0   0   0  51   0   0   1   0   0   8  18 | c-CS-s
   0   0   0   0   0  41  93   0   0   1   0   0   0   0   0   0 | c-SC-s
   0   0   0   0   0   0   0   0   0   0   0 121   5   0   7   2 | t-CS-m
   0   0   0   0  30   0   0   0   0   0 105   0   0   0   0   0 | t-SC-m
   0   0   0   0   0   0   0  91   0   0   0   1   0   0   9   4 | t-CS-s
   0   0   0  53   0   0   0   0   0  82   0   0   0   0   0   0 | t-SC-s

Cluster  0 <-- c-CS-s
Cluster  1 <-- No class
Cluster  2 <-- No class
Cluster  3 <-- No class
Cluster  4 <-- No class
Cluster  5 <-- No class
Cluster  6 <-- c-SC-s
Cluster  7 <-- t-CS-s
Cluster  8 <-- No class
Cluster  9 <-- t-SC-s
Cluster 10 <-- t-SC-m
Cluster 11 <-- t-CS-m
Cluster 12 <-- c-CS-m
Cluster 13 <-- c-SC-m
Cluster 14 <-- No class
Cluster 15 <-- No class

Incorrectly clustered instances :	403.0	 37.3148 %

