=== Run information ===

Scheme:       weka.classifiers.bayes.NaiveBayes 
Relation:     mice-weka.filters.unsupervised.attribute.Remove-R1-weka.filters.unsupervised.attribute.NominalToBinary-R78-80-weka.filters.unsupervised.attribute.RandomSubset-N32.0-S5
Instances:    1080
Attributes:   33
              NR2A_N
              pAKT_N
              pBRAF_N
              pCAMKII_N
              pNR1_N
              pNR2B_N
              CREB_N
              ERK_N
              GSK3B_N
              MEK_N
              APP_N
              Bcatenin_N
              SOD1_N
              pMTOR_N
              DSCR1_N
              P70S6_N
              pGSK3B_N
              pPKCG_N
              CDK5_N
              S6_N
              ADARB1_N
              BAX_N
              Tau_N
              GluR4_N
              P3525_N
              PSD95_N
              SNCA_N
              Ubiquitin_N
              pGSK3B_Tyr216_N
              pS6_N
              CaNA_N
              Genotype=Ts65Dn
              class
Test mode:    10-fold cross-validation

=== Classifier model (full training set) ===

Naive Bayes Classifier

                    Class
Attribute          c-CS-m  c-SC-m  c-CS-s  c-SC-s  t-CS-m  t-SC-m  t-CS-s  t-SC-s
                   (0.14)  (0.14)  (0.13)  (0.13)  (0.13)  (0.13)   (0.1)  (0.13)
==================================================================================
NR2A_N
  mean              4.3086  3.4597  4.2802  3.9134  3.5656  4.0562  3.5146   3.565
  std. dev.         0.9706  0.6681   0.998  0.8694  0.8735  0.8348  0.6341  1.0074
  weight sum           150     150     135     135     135     135     105     132
  precision         0.0063  0.0063  0.0063  0.0063  0.0063  0.0063  0.0063  0.0063

pAKT_N
  mean              0.2299  0.2413  0.2124  0.2334  0.2136  0.2691  0.2145  0.2468
  std. dev.         0.0249  0.0371  0.0527  0.0305  0.0277  0.0388  0.0357   0.045
  weight sum           150     150     135     135     135     135     105     132
  precision         0.0004  0.0004  0.0004  0.0004  0.0004  0.0004  0.0004  0.0004

pBRAF_N
  mean              0.1822  0.1895  0.1684   0.185   0.174   0.201  0.1648  0.1853
  std. dev.         0.0192  0.0308  0.0334   0.023  0.0207   0.024  0.0187   0.023
  weight sum           150     150     135     135     135     135     105     132
  precision         0.0002  0.0002  0.0002  0.0002  0.0002  0.0002  0.0002  0.0002

pCAMKII_N
  mean              2.9162  4.7365  2.9357  3.3613  3.1217  4.2773  2.4891  4.1763
  std. dev.         0.9236  0.8445  0.7042  0.8619  1.5007  1.0148   0.752  1.5259
  weight sum           150     150     135     135     135     135     105     132
  precision         0.0057  0.0057  0.0057  0.0057  0.0057  0.0057  0.0057  0.0057

pNR1_N
  mean              0.8604  0.8014  0.8564  0.8711  0.7715  0.8621  0.7646  0.8038
  std. dev.         0.1098  0.0941   0.129  0.1115  0.1205  0.0863  0.0939  0.1323
  weight sum           150     150     135     135     135     135     105     132
  precision         0.0008  0.0008  0.0008  0.0008  0.0008  0.0008  0.0008  0.0008

pNR2B_N
  mean              1.5908  1.5437  1.5977   1.647  1.4463  1.7037  1.5179  1.4347
  std. dev.          0.253   0.225  0.3286  0.2549  0.2367  0.2106  0.2113  0.3002
  weight sum           150     150     135     135     135     135     105     132
  precision         0.0023  0.0023  0.0023  0.0023  0.0023  0.0023  0.0023  0.0023

CREB_N
  mean              0.1772  0.1841  0.1776  0.1771  0.1779  0.1952  0.1649  0.1867
  std. dev.         0.0211  0.0344   0.029  0.0201  0.0213  0.0271  0.0179  0.0238
  weight sum           150     150     135     135     135     135     105     132
  precision         0.0002  0.0002  0.0002  0.0002  0.0002  0.0002  0.0002  0.0002

ERK_N
  mean              2.8571   2.038  2.8647  2.3609  2.2937  2.3681  2.6981  2.3683
  std. dev.         0.7205  0.4422  0.6705  0.5448  0.5685  0.4944  0.6338  0.5974
  weight sum           150     150     135     135     135     135     105     132
  precision         0.0038  0.0038  0.0038  0.0038  0.0038  0.0038  0.0038  0.0038

GSK3B_N
  mean              1.2868  1.0117  1.3532  1.0139  1.2788  1.1054  1.2335  1.1145
  std. dev.         0.1883   0.153  0.3653  0.1716  0.2528  0.1296  0.1661  0.1566
  weight sum           150     150     135     135     135     135     105     132
  precision         0.0022  0.0022  0.0022  0.0022  0.0022  0.0022  0.0022  0.0022

MEK_N
  mean              0.2712  0.2611  0.2777  0.2725   0.259  0.2898  0.2629  0.2879
  std. dev.         0.0344  0.0359  0.0531    0.04  0.0383  0.0337  0.0396  0.0396
  weight sum           150     150     131     135     135     135     105     132
  precision         0.0003  0.0003  0.0003  0.0003  0.0003  0.0003  0.0003  0.0003

APP_N
  mean              0.3966  0.3509  0.3899  0.3612  0.4342  0.4398  0.4415  0.4401
  std. dev.         0.0377  0.0459  0.0509  0.0473  0.0552  0.0427  0.0493  0.0681
  weight sum           150     150     135     135     135     135     105     132
  precision         0.0004  0.0004  0.0004  0.0004  0.0004  0.0004  0.0004  0.0004

Bcatenin_N
  mean                2.15  1.9709  2.2288  2.2556  2.0374  2.2965   1.997  2.2363
  std. dev.         0.3693  0.3571   0.452  0.4755  0.4308  0.3976  0.3355  0.5068
  weight sum           150     150     135     120     135     135     105     132
  precision         0.0024  0.0024  0.0024  0.0024  0.0024  0.0024  0.0024  0.0024

SOD1_N
  mean              0.3307  0.6209  0.3248  0.8561  0.3078  0.8322  0.3158  0.7214
  std. dev.          0.035  0.1072  0.0492  0.2288  0.0327  0.2931  0.0324  0.2437
  weight sum           150     150     135     135     135     135     105     132
  precision         0.0015  0.0015  0.0015  0.0015  0.0015  0.0015  0.0015  0.0015

pMTOR_N
  mean               0.761  0.8285  0.7347  0.7892  0.6635  0.8827  0.6398   0.738
  std. dev.         0.0703  0.0793   0.088  0.0973  0.0702  0.0667  0.1702  0.1244
  weight sum           150     150     135     135     135     135     105     132
  precision         0.0009  0.0009  0.0009  0.0009  0.0009  0.0009  0.0009  0.0009

DSCR1_N
  mean              0.5952  0.5957  0.5733  0.5607  0.5472  0.6615  0.5485   0.589
  std. dev.         0.0965  0.0745  0.1039  0.0596  0.0807  0.0806  0.1504  0.1006
  weight sum           150     150     135     135     135     135     105     132
  precision         0.0007  0.0007  0.0007  0.0007  0.0007  0.0007  0.0007  0.0007

P70S6_N
  mean              0.9298  0.9885  0.9199  0.9187  0.9152  0.9889  1.0098  0.8853
  std. dev.         0.1892   0.133  0.2185  0.1303  0.1538  0.1613  0.1758  0.1663
  weight sum           150     150     135     135     135     135     105     135
  precision         0.0012  0.0012  0.0012  0.0012  0.0012  0.0012  0.0012  0.0012

pGSK3B_N
  mean              0.1663   0.144  0.1778  0.1481   0.168  0.1507   0.171  0.1675
  std. dev.         0.0159  0.0134  0.0235  0.0091  0.0167  0.0144  0.0158  0.0103
  weight sum           150     150     135     135     135     135     105     135
  precision         0.0001  0.0001  0.0001  0.0001  0.0001  0.0001  0.0001  0.0001

pPKCG_N
  mean              1.4864   1.649  1.7143  1.3759  1.7296  1.5375  1.8369  2.3829
  std. dev.          0.644  0.2384  0.5908  0.3265  0.6673  0.1673  0.7765  0.2927
  weight sum           150     150     135     135     135     135     105     135
  precision         0.0026  0.0026  0.0026  0.0026  0.0026  0.0026  0.0026  0.0026

CDK5_N
  mean              0.3033  0.2692  0.3101  0.2761  0.2907  0.2817  0.3144  0.3002
  std. dev.          0.032    0.03  0.0573  0.0262  0.0308   0.025  0.0327  0.0281
  weight sum           150     150     135     135     135     135     105     135
  precision         0.0006  0.0006  0.0006  0.0006  0.0006  0.0006  0.0006  0.0006

S6_N
  mean              0.4604  0.3026  0.4386  0.3377  0.4795  0.3669  0.5851  0.5083
  std. dev.         0.1235  0.0572  0.1224  0.0923   0.105  0.1119  0.0822  0.1384
  weight sum           150     150     135     135     135     135     105     135
  precision         0.0006  0.0006  0.0006  0.0006  0.0006  0.0006  0.0006  0.0006

ADARB1_N
  mean              1.3536  1.0322  1.3694  1.1749  1.0274  1.2805  1.2763  1.0836
  std. dev.         0.4093  0.2053  0.4471  0.2725  0.3293  0.2147  0.4412  0.3027
  weight sum           150     150     135     135     135     135     105     135
  precision         0.0019  0.0019  0.0019  0.0019  0.0019  0.0019  0.0019  0.0019

BAX_N
  mean              0.1727  0.1769   0.188  0.1774  0.1737  0.1833  0.1831  0.1811
  std. dev.         0.0241  0.0162  0.0174  0.0178  0.0171  0.0159  0.0211  0.0136
  weight sum           150     150     135     135     135     135     105     135
  precision         0.0002  0.0002  0.0002  0.0002  0.0002  0.0002  0.0002  0.0002

Tau_N
  mean              0.1942  0.1842  0.1762  0.2172  0.1936   0.232   0.223   0.271
  std. dev.         0.0482  0.0302  0.0485  0.1019  0.0299  0.0902  0.0377  0.0691
  weight sum           150     150     135     135     135     135     105     135
  precision         0.0005  0.0005  0.0005  0.0005  0.0005  0.0005  0.0005  0.0005

GluR4_N
  mean               0.124  0.1281  0.1277  0.1276  0.1254   0.126  0.1182  0.1337
  std. dev.         0.0187  0.0495  0.0239  0.0244  0.0205  0.0214  0.0177  0.0158
  weight sum           150     150     135     135     135     135     105     135
  precision         0.0004  0.0004  0.0004  0.0004  0.0004  0.0004  0.0004  0.0004

P3525_N
  mean              0.2983  0.2772   0.288  0.2905  0.2799   0.285  0.2996  0.3143
  std. dev.         0.0368   0.023  0.0343  0.0207  0.0206  0.0237  0.0342  0.0239
  weight sum           150     150     135     135     135     135     105     135
  precision         0.0002  0.0002  0.0002  0.0002  0.0002  0.0002  0.0002  0.0002

PSD95_N
  mean              2.1414   2.348  2.0762  2.3572  2.2186  2.3773  2.1623  2.1826
  std. dev.         0.2784   0.214  0.2034  0.1991  0.2217  0.2766  0.2272  0.2053
  weight sum           150     150     135     135     135     135     105     135
  precision         0.0016  0.0016  0.0016  0.0016  0.0016  0.0016  0.0016  0.0016

SNCA_N
  mean              0.1524  0.1771  0.1466  0.1732  0.1381  0.1773  0.1536  0.1578
  std. dev.         0.0211  0.0234  0.0163  0.0188  0.0197  0.0208  0.0205  0.0153
  weight sum           150     150     135     135     135     135     105     135
  precision         0.0001  0.0001  0.0001  0.0001  0.0001  0.0001  0.0001  0.0001

Ubiquitin_N
  mean              1.1779  1.4035  1.0642  1.2719  1.0868   1.416  1.1938  1.2782
  std. dev.         0.1408  0.1289  0.1091  0.0891  0.1073  0.1316  0.1257   0.126
  weight sum           150     150     135     135     135     135     105     135
  precision         0.0011  0.0011  0.0011  0.0011  0.0011  0.0011  0.0011  0.0011

pGSK3B_Tyr216_N
  mean              0.8667  0.8255  0.8478  0.8114   0.882  0.8343  0.8391  0.8819
  std. dev.         0.0996  0.0596  0.1349  0.0732  0.0705  0.0874  0.0968  0.0884
  weight sum           150     150     135     135     135     135     105     135
  precision         0.0006  0.0006  0.0006  0.0006  0.0006  0.0006  0.0006  0.0006

pS6_N
  mean              0.1198  0.1281  0.1125  0.1329  0.1082  0.1373  0.1114  0.1192
  std. dev.         0.0169  0.0063  0.0096  0.0069  0.0081  0.0102  0.0104    0.01
  weight sum           150     150     135     135     135     135     105     135
  precision         0.0001  0.0001  0.0001  0.0001  0.0001  0.0001  0.0001  0.0001

CaNA_N
  mean              1.5237  1.0099  1.6176  1.1577  1.6333  1.0412  1.5526  1.2298
  std. dev.         0.2004  0.1354  0.2683  0.1651  0.2114  0.1577  0.2363  0.1873
  weight sum           150     150     135     135     135     135     105     135
  precision         0.0014  0.0014  0.0014  0.0014  0.0014  0.0014  0.0014  0.0014

Genotype=Ts65Dn
  mean                   0       0       0       0       1       1       1       1
  std. dev.         0.1667  0.1667  0.1667  0.1667  0.1667  0.1667  0.1667  0.1667
  weight sum           150     150     135     135     135     135     105     135
  precision              1       1       1       1       1       1       1       1



Time taken to build model: 0.04 seconds

=== Stratified cross-validation ===
=== Summary ===

Correctly Classified Instances         939               86.9444 %
Incorrectly Classified Instances       141               13.0556 %
Kappa statistic                          0.8504
Mean absolute error                      0.0356
Root mean squared error                  0.1605
Relative absolute error                 16.2826 %
Root relative squared error             48.5618 %
Coverage of cases (0.95 level)          94.6296 %
Mean rel. region size (0.95 level)      15.3472 %
Total Number of Instances             1080     

=== Detailed Accuracy By Class ===

                 TP Rate  FP Rate  Precision  Recall   F-Measure  MCC      ROC Area  PRC Area  Class
                 0.840    0.044    0.754      0.840    0.795      0.761    0.978     0.887     c-CS-m
                 0.980    0.018    0.896      0.980    0.936      0.927    0.996     0.970     c-SC-m
                 0.741    0.028    0.794      0.741    0.766      0.735    0.980     0.861     c-CS-s
                 0.904    0.003    0.976      0.904    0.938      0.931    0.994     0.975     c-SC-s
                 0.881    0.031    0.804      0.881    0.841      0.818    0.988     0.943     t-CS-m
                 0.904    0.010    0.931      0.904    0.917      0.906    0.996     0.975     t-SC-m
                 0.714    0.004    0.949      0.714    0.815      0.808    0.994     0.955     t-CS-s
                 0.948    0.013    0.914      0.948    0.931      0.921    0.997     0.984     t-SC-s
Weighted Avg.    0.869    0.020    0.874      0.869    0.869      0.852    0.990     0.943     

=== Confusion Matrix ===

   a   b   c   d   e   f   g   h   <-- classified as
 126   0  20   0   4   0   0   0 |   a = c-CS-m
   0 147   0   2   0   1   0   0 |   b = c-SC-m
  35   0 100   0   0   0   0   0 |   c = c-CS-s
   1   8   0 122   0   1   0   3 |   d = c-SC-s
   4   0   4   0 119   0   4   4 |   e = t-CS-m
   0   9   0   1   0 122   0   3 |   f = t-SC-m
   1   0   2   0  24   1  75   2 |   g = t-CS-s
   0   0   0   0   1   6   0 128 |   h = t-SC-s

